nin
   204
nhidden
   8
nout
   1
nwts
   1649
w1
   8.1778223e-02   3.2385226e-01  -2.0091834e-01  -4.2168603e-02   3.7560705e-01   2.4515122e-02   3.3437292e-01  -9.3979167e-02
  -4.8610737e-01  -1.5378719e-01   5.1698642e-01   4.9703609e-01   4.2684838e-01   1.9022487e-01  -1.0080087e-01  -3.0049054e-02
  -3.0996324e-02  -3.1465278e-01   1.1243072e-01   9.0859632e-02   1.2982570e-02   1.5305279e-01  -3.8407049e-02   6.7975706e-02
   6.9279922e-02  -4.2530143e-01   4.0842543e-01   3.8026259e-01  -2.7505685e-01   9.6851272e-02  -2.8992472e-01   2.2129088e-01
   1.0902213e-01   5.8828340e-02  -3.2181233e-02   5.6346513e-02   1.5034921e-01   1.4601918e-01   2.3467757e-01  -1.2249507e-01
   1.2688371e-01   5.5579953e-02   2.5533232e-01   3.2224236e-01   1.7977315e-01   2.3541556e-01  -2.8674948e-01  -1.0544863e-01
  -1.1829814e-01  -1.9630079e-01   2.0279353e-01  -1.3766007e-02   6.3756742e-02   1.3143767e-02  -5.5060512e-02   1.0882854e-02
  -9.2880377e-02  -4.3670603e-01   2.9944890e-01   2.0964928e-01  -2.1976801e-01   2.4859008e-01  -1.6052132e-02   1.6277948e-01
   3.3702287e-01   2.2254333e-01  -1.8250762e-01   1.0286711e-01   1.6754508e-01   1.2237595e-01   5.8651379e-02   1.0454749e-03
   3.2724823e-01   1.9832794e-01   2.3654140e-01   1.6552098e-01   2.7922363e-01   1.8209386e-01  -1.0774883e-01  -2.8096050e-01
  -2.1099612e-01  -3.1279478e-01   2.6313076e-01  -3.4317735e-02   4.6745712e-02  -4.8903688e-02  -9.5597583e-02  -1.3573252e-01
   4.3634013e-02  -4.6022217e-02   1.4215393e-01   1.6428165e-01  -8.1397106e-02   1.9629017e-01   4.2279601e-02   1.7053268e-01
   1.3621201e-01   5.2546578e-01   1.1392713e-01   5.1848689e-02   1.4623546e-01   2.3798958e-02   4.5356189e-02   4.6748306e-02
   3.0668681e-01   8.5303352e-02   2.9073947e-01   1.8111547e-01   3.1289976e-01   1.1710443e-01  -2.1998786e-02  -1.8885224e-01
  -1.5992486e-01  -4.2473643e-01   8.4119217e-02   2.4644349e-02   1.6929610e-01   7.8542582e-03  -3.7165964e-01  -1.6535109e-01
  -9.1953679e-02   4.5395321e-02  -1.9133288e-01   6.0240711e-02  -4.3093483e-02   5.1827045e-02   1.4468026e-01   1.0055722e-01
   1.6150075e-01   2.9206138e-01   2.1415683e-01  -1.8425874e-02   6.9174678e-02   3.2753369e-02   1.6947985e-01   2.4316745e-01
   3.0906162e-01   1.5702904e-01   1.6179815e-01   2.3030901e-01   2.3826908e-01   1.6650577e-01   1.0734936e-01  -2.6479455e-01
  -9.1044688e-02  -1.6044170e-01   1.5790428e-01  -8.4477333e-02   7.2856576e-02   1.5851383e-02  -3.1864187e-01   9.9816382e-04
   1.8174133e-02   1.0264467e-01  -1.4522069e-01  -2.6265330e-03   2.3165442e-01  -5.0429456e-02   1.8694580e-01   1.0084901e-01
   1.3704422e-01   3.0208491e-01  -4.5789155e-02  -1.3259749e-01  -2.1708572e-02   1.9650246e-01   8.6864676e-02  -1.0256653e-01
   2.7264046e-01   5.5872368e-02   8.8669426e-02   3.4703534e-02   6.2369221e-02   3.3618365e-01   2.0898550e-01  -2.1982032e-01
   2.5335735e-02  -2.5237449e-01   7.1190990e-02  -1.3920647e-01   1.3753788e-01  -4.4608353e-03  -2.3940961e-01   1.4605318e-02
   3.8502015e-01   6.9828889e-02  -2.5750607e-01  -1.5104518e-01   2.0082112e-01   6.3704460e-02   1.3998329e-01  -5.5642008e-03
   3.7893221e-02   1.7846723e-01  -9.6694275e-02  -1.5998708e-01  -1.4735405e-01  -1.5141451e-02   1.8640062e-02  -4.6171761e-02
   3.0357735e-01   4.8441113e-02   1.7926825e-01   1.8969054e-01   8.3883357e-02   2.0873174e-01   2.4046556e-01  -1.8807359e-01
   7.3258518e-02  -1.5275705e-01   1.6913446e-01  -1.8839223e-01   1.6541922e-01   3.3454331e-02  -1.7740612e-01   1.5138573e-01
   8.3241576e-02   2.8478602e-01  -2.7139236e-01  -1.4350865e-01   1.5967122e-01   7.0880273e-02   1.8980633e-01  -3.5996831e-03
  -1.4974092e-01   1.8295581e-01   4.2418359e-02  -2.3064896e-01  -7.1331781e-02   4.7521347e-02   3.8389706e-01  -2.1909894e-02
   1.6363230e-01   1.4228468e-01   2.9060700e-02   6.8845770e-02   7.6351807e-02   2.3202557e-01   1.7696092e-01  -6.3556972e-02
   1.8920808e-02  -8.8991513e-02   3.3773388e-01  -6.0093203e-02   3.3426561e-02   8.7404690e-02  -1.7505914e-01   1.7315948e-01
   5.7428842e-02   4.0738700e-01  -2.6337634e-01   1.4519032e-02   3.3164601e-01   7.0390567e-02   6.5313063e-02   9.2256521e-02
  -1.3826581e-01   4.1239364e-02  -5.3345098e-03  -1.5666424e-01  -1.7196453e-01   1.3424293e-01   1.2871341e-01  -7.5213020e-02
   8.0176241e-03   1.7537410e-01  -5.5310646e-02  -1.3797258e-01   1.5744415e-01   1.8401111e-01   2.2908829e-02  -1.9592949e-01
   1.6127111e-01  -1.4711313e-01   2.7050118e-01   4.0051846e-03   7.2557102e-02   1.5682969e-01  -2.5929931e-02   3.0066842e-01
   9.7543396e-02   1.8953421e-01  -2.9906997e-01  -1.2212210e-01   9.0698688e-02  -4.3826994e-02   3.5115722e-02   8.6429036e-02
  -1.8182228e-01  -1.8975983e-04  -4.8630548e-02  -4.2383383e-02  -1.9282132e-01  -3.2478863e-02   4.5674254e-02  -2.0202638e-01
  -1.2833006e-01   1.6127743e-01  -2.0211652e-01  -8.3923043e-02   5.7028900e-02   2.1296026e-01  -3.9630202e-02  -2.7790618e-01
   1.2467811e-01  -1.0510127e-01   1.9558916e-01   1.9813689e-02   9.0339134e-02  -4.6821816e-02   1.0140014e-01   2.9935708e-01
   1.1623386e-01   1.8209563e-01  -2.1631580e-01   1.9199308e-02   7.4801235e-02   8.3790461e-02   5.9031686e-02  -1.0151594e-01
  -2.1437004e-01   1.1985286e-01   4.7602618e-03  -1.4201390e-01  -6.0450937e-02   1.4530467e-01   4.2131475e-02  -1.5765045e-01
  -1.5899023e-01   1.9533964e-01   8.5398467e-02  -8.7657892e-02   1.5528681e-01   1.2669606e-02   1.1307631e-01  -1.1313346e-01
   3.2170916e-02  -1.8348607e-01   1.0245294e-01  -4.1226240e-02   4.7251579e-02  -2.7581261e-01  -3.0231747e-02   2.4926234e-01
   8.2564548e-02  -1.1876408e-01  -1.6772108e-01   1.9364784e-01   1.8820952e-02   7.4098767e-02  -1.6631450e-01  -1.9210573e-01
  -1.1452479e-01   4.9980684e-02   3.9834403e-02  -1.7665168e-01  -5.8600275e-03   5.2333598e-02   1.8804797e-02  -2.5665552e-02
  -9.0170580e-02   1.2514573e-01   3.2694457e-02  -1.2218174e-01   1.1079874e-01   1.5659944e-01  -1.6734163e-02   7.1799028e-03
   8.7073719e-02  -1.6698248e-01   1.0102326e-01   7.9585070e-02   5.8805285e-02   1.0499408e-01  -2.5187646e-01   2.4346795e-01
  -1.1483606e-01  -3.9409134e-02  -2.6006977e-01   3.1599814e-01  -1.9477233e-01  -1.5974573e-02  -4.3287221e-01   4.4207296e-02
  -3.2986670e-01  -1.1563627e-01   4.6751794e-02  -1.5797056e-01   9.6077060e-02   1.7459536e-01   1.5470849e-01  -1.6643402e-01
   2.9040291e-02   3.4545292e-01   9.4313634e-02  -1.7362545e-01  -1.4656413e-02   1.4422421e-01   5.3322592e-02   7.3723062e-02
   2.2319421e-02  -6.0926107e-02  -1.0791659e-02   1.8528295e-01  -1.6437013e-01  -1.8580356e-02  -1.6267632e-01   2.7354518e-01
   1.7462574e-02  -3.0093043e-02  -2.3829225e-01   1.5154813e-01  -1.0805759e-01   1.7215108e-01  -3.7960079e-01  -2.9168663e-02
  -2.5170513e-01  -1.8099152e-01  -1.3845096e-01  -2.7702215e-01   1.0307505e-01   6.6579861e-02   1.1399705e-01  -1.3275476e-01
   2.0134257e-01   2.5053171e-01   2.6584029e-01  -2.6277096e-01  -3.7055675e-02   2.0951216e-01   7.7762767e-03   1.6782094e-02
   2.5151270e-01  -1.6099125e-01   6.6287292e-02   2.5477464e-01  -1.5389276e-01   2.1982535e-01  -3.5657903e-02   1.7085813e-01
  -1.4021923e-01   1.8788841e-02  -2.4705523e-01   1.7470169e-01  -2.9295964e-02  -5.9434155e-02  -3.6260775e-01   8.6567556e-02
  -2.5790238e-01  -2.1998967e-01  -1.2441083e-01  -2.3328129e-01   1.6208419e-01   2.8604948e-01   3.3929574e-02  -1.0963866e-01
   2.3106292e-01   2.9913675e-01   9.7855398e-02  -1.8025012e-01  -6.7567376e-02   1.7043931e-01   2.6446115e-02  -6.0885463e-02
   1.2705729e-01   5.3842729e-02   1.0585001e-01   1.2156322e-01  -5.2896324e-02   1.7438715e-01  -2.0806578e-01   1.6099245e-01
  -1.8175505e-01   1.0601065e-01  -6.9169525e-02   1.7140405e-01   1.0430985e-02  -3.0173496e-02  -2.7759686e-01   2.0377266e-01
  -3.1365467e-01  -2.5491404e-01  -2.9421282e-02  -1.7134575e-01  -7.4806933e-02   8.6872133e-02   6.7441217e-03   4.6743492e-02
   3.7045901e-01   3.9429213e-01   1.4949975e-01  -1.5636203e-01  -1.5291035e-01  -5.7875528e-03  -7.5235696e-02  -1.8796327e-01
   3.1842764e-01  -6.1294627e-02   1.0992268e-01   1.0686405e-01  -1.9150616e-01   3.9769703e-02  -2.3526342e-01  -1.9711101e-02
  -2.0556294e-01   2.0524822e-01  -1.2760167e-01   2.4488018e-02  -1.4558759e-01  -5.0189803e-02  -2.4905409e-01   1.6562639e-01
  -3.3350328e-01  -3.2084232e-01  -1.5633012e-01  -2.6641913e-01  -1.6988793e-01   1.6309293e-01  -1.5064690e-01  -9.8677640e-02
   3.0496776e-01   2.6932076e-01   1.9978518e-01  -8.4869422e-02  -2.4753918e-01   2.5156678e-01   1.2397045e-02  -4.5458430e-02
   3.5057190e-01  -4.6804938e-02   2.6166744e-01   8.0197545e-02  -1.1580350e-02   2.0901441e-01   2.2259340e-02  -1.3352470e-05
   9.1960878e-02   1.4382196e-01  -4.0160116e-02   5.7117220e-02  -7.6537299e-02   1.0728901e-02   1.0301621e-02  -1.0614891e-02
  -3.1098196e-01  -2.4660276e-01  -2.8378296e-01  -2.1127036e-01  -2.5396680e-02  -2.0452157e-02  -1.7280678e-01  -1.6310188e-01
   7.1227302e-02   2.5256261e-01   1.7779296e-01  -2.2841199e-02  -2.1806392e-01   1.3648589e-01   1.2413954e-01  -1.8632510e-01
   4.0371749e-01   4.5943805e-02   2.0431096e-01   7.6938275e-02   9.8073543e-02   2.6439700e-02   9.3619263e-02   4.8590319e-02
   1.6512562e-01   6.6339726e-02  -9.5376289e-03   6.9771335e-02   4.9150867e-02  -8.2085430e-02  -1.7843245e-02   7.5822570e-02
  -3.2870761e-01  -1.9348772e-01  -2.8281662e-01  -2.9134792e-01   4.1367464e-02   3.2136632e-02  -4.4531279e-02  -1.1776607e-01
  -4.1163547e-02   9.0883273e-02   1.4234373e-01  -7.2888433e-02  -1.5252743e-01   1.9387775e-01   7.5154863e-02  -2.5296149e-01
   2.9120223e-01   1.3176271e-01   2.4640609e-01   1.0411323e-01   1.2466018e-01   2.1803341e-01   1.3233602e-02   5.7637070e-02
   2.9027077e-01   4.9636481e-02  -1.3690399e-01   1.0389563e-01   1.0636143e-02   2.6890585e-02   3.1962293e-02   1.0526232e-01
  -1.9714724e-01  -4.3629452e-02  -2.0584648e-01  -4.1363276e-01  -3.3648758e-02  -2.5147553e-02  -1.8285206e-01   2.6622165e-01
  -1.2999390e-01   2.2263395e-01   5.1119396e-02   5.1926621e-04  -1.9560488e-01   1.1496894e-01   7.9800659e-02  -2.4341346e-01
   3.1890948e-01  -1.5619921e-01   1.3841345e-01   1.5135491e-01   8.6879236e-02   1.1798098e-01   1.6650710e-01  -3.7330713e-02
   2.8589361e-01   1.3763286e-02  -2.0120656e-01   2.8007582e-01   2.3689379e-01  -5.0851015e-03   1.8824413e-01   2.4395737e-01
  -4.9742639e-02  -7.9679851e-02  -1.7218752e-01  -2.6528956e-01   3.0868181e-02   1.7638085e-01  -4.4230591e-01   1.6122788e-01
   2.2069644e-02   7.3693934e-02   2.1074269e-01   2.1090824e-02  -1.1537857e-01   2.4287532e-01   1.6737172e-01  -1.6266320e-01
   1.6677074e-01  -1.4397709e-01   1.7920957e-01  -1.2949247e-01  -2.3492898e-01   1.2391257e-01   2.5433056e-01  -6.7319885e-02
   3.6494345e-01  -4.6672560e-02  -2.6409425e-01   3.4887791e-01   2.9050743e-01   1.0866323e-01   3.0229595e-02   2.0131454e-01
  -4.5704137e-02  -1.5898731e-01  -2.2971827e-01  -1.5732424e-01  -6.3453256e-02   3.2396256e-02  -2.4200992e-01   1.5452151e-01
  -2.0952665e-02  -5.0276117e-02   6.5975605e-02   1.2544033e-02  -5.8089888e-03   2.9708563e-01   1.3711158e-01  -3.4050472e-02
   8.4206174e-03  -3.1672413e-01  -3.2556377e-02   7.7317774e-04  -2.4792544e-01   8.1030162e-02   1.6654899e-01  -1.9813485e-03
   3.3383802e-01  -1.9449814e-01  -3.6144062e-01   3.3083953e-01   2.2402851e-01  -9.4367794e-02   9.6646247e-02   1.7449005e-01
  -1.2395492e-04  -4.7670820e-02  -8.9826149e-02  -2.1574157e-01  -1.5217314e-01  -1.9711619e-01  -4.7454180e-02   3.2648207e-01
  -5.0810966e-02  -9.9988996e-02  -7.3035657e-02  -9.2878470e-02   5.7809513e-02   5.5496923e-02   3.1236562e-01   3.1551387e-02
  -5.9279861e-02  -3.0930394e-01   9.1023160e-02   8.6937469e-02  -2.9268290e-02  -5.6803572e-03   6.8147802e-02  -7.4852623e-02
   2.5537389e-01  -8.1706487e-02  -3.9570852e-01   2.2035852e-01   3.3322191e-02  -1.0187116e-01   2.3063178e-04   1.8501627e-01
   4.3484774e-03  -1.0525725e-01  -2.2062953e-01  -2.5481281e-01  -9.9198375e-02  -7.4847819e-02  -2.1207275e-01   2.5412519e-01
  -1.6014496e-01  -2.0281463e-01  -1.2763619e-01  -9.6399269e-02   5.1385217e-02   8.5725315e-02   2.9282611e-01  -5.2133801e-02
  -4.2416519e-02  -3.9797393e-01   1.6710172e-02   1.0033437e-01   7.4318283e-02   5.8667975e-02   2.8085996e-01  -2.7336179e-02
   4.6159332e-02  -5.6377985e-02  -4.1960120e-01   4.8059309e-01   9.0246161e-02  -5.6545536e-02   1.8204789e-01   1.4120915e-01
   2.5796605e-01  -2.9290509e-01  -1.4969376e-01  -1.9470456e-01  -1.9990918e-01  -4.3873333e-02  -2.0170191e-01   7.2690580e-02
  -1.6172784e-01  -6.3604696e-02  -7.6369967e-02  -1.4452232e-01   2.5704000e-01   2.2617591e-01   5.9065132e-01   2.5189452e-01
  -4.7269355e-02  -3.9129327e-01  -3.0471229e-02   1.2646516e-01   1.3804447e-01  -1.1849428e-01   2.8720002e-01   8.9926040e-02
  -4.7889584e-02  -9.7132327e-02  -9.8698373e-02   2.4558555e-01   2.0471325e-01  -1.3137660e-01   1.7392184e-02   2.8918857e-01
   6.8298553e-02  -2.4310606e-01  -7.1082548e-02  -2.2503829e-01  -3.7793489e-02   1.6988035e-02  -1.4610587e-01  -1.4072038e-01
  -3.4049882e-01  -8.2112001e-02  -1.2721557e-01  -2.4750883e-01   2.5417966e-01   3.3889926e-03   7.5910343e-01   3.8966954e-01
   1.2260867e-02  -1.9209664e-01   1.1826473e-02  -1.2287304e-02   2.6858058e-01   3.7147648e-02   3.9442972e-01   1.2658725e-01
  -1.9412905e-01  -3.4128891e-02  -2.1309302e-01   2.8225439e-01   4.3885496e-02   7.9905541e-02   4.8985504e-02   3.0769580e-01
   1.0498635e-01  -3.1943941e-01  -1.0818401e-01  -1.4480937e-01  -1.1085783e-01   3.9263067e-02   1.3978859e-02  -4.5516373e-02
  -2.3304715e-01  -7.7402627e-02  -2.6525793e-01  -3.6923616e-01   7.0402806e-02   2.1987372e-02   4.4569531e-01   2.2170611e-01
  -3.1835367e-02  -2.9011300e-01  -2.0832950e-02  -1.8235327e-02  -2.6172408e-02   1.3132941e-02   1.6104837e-01   8.1463127e-02
  -2.3935424e-01   8.7153006e-02  -9.3670870e-02   3.2300684e-02   8.1965838e-02  -1.8071955e-01  -2.5117439e-01   2.7870412e-02
   6.7595300e-02  -3.4261572e-01   1.8606572e-03  -1.6243539e-01  -3.2627394e-01  -1.3304456e-03  -1.7081899e-02   7.8359016e-02
  -2.9080579e-01   6.3963011e-02  -1.5046499e-01  -2.9462821e-01  -7.6448126e-02   3.9299888e-01   3.9620026e-01   2.0774659e-01
  -3.2537886e-03  -2.5248874e-01   5.9339858e-02  -2.0134905e-01  -6.0698691e-02   2.6918336e-02   2.5935684e-02  -7.1464353e-02
  -2.7821185e-01  -1.9251266e-01   3.0589429e-02   4.9431684e-02   4.6011440e-03  -7.0859563e-02  -3.0396581e-01  -3.4636583e-02
   1.3544596e-01  -3.7077339e-01  -4.0185086e-02  -1.1523885e-01  -3.0273605e-01   4.4885451e-02   2.1852529e-02   2.7240092e-02
  -2.7104804e-01   9.8775639e-02   1.4862056e-04  -2.0617450e-01  -1.8186667e-01   1.5888287e-01   3.3546945e-01   2.0561475e-01
  -9.7206374e-02  -3.4201208e-01   1.1457763e-01  -1.9015882e-01  -1.1382184e-01   6.2511402e-02  -1.8759696e-02  -1.7974727e-01
  -3.0584788e-01   8.3018330e-03   2.1654031e-01   2.6314822e-03  -6.6898553e-02  -4.9513663e-02  -2.0920007e-01  -6.1202529e-02
   2.1059132e-02  -1.2982667e-01  -3.4098298e-02  -3.5378146e-01  -2.0119346e-01  -1.7347312e-02  -1.4049688e-01   1.1547941e-01
  -3.2921265e-01   9.0828608e-02   1.3214293e-01  -2.3608079e-01  -1.6297734e-01   1.7399146e-01   5.2485900e-02   2.4718417e-01
  -2.1014816e-01  -3.0276768e-01  -1.7049878e-02  -2.9500505e-01  -1.6024900e-01  -3.6020995e-02   3.5776021e-01   2.1031964e-02
  -2.0140071e-01  -1.0410370e-01   2.4222642e-01  -1.4636750e-01   1.5155749e-01  -4.3760849e-02  -1.5600140e-02  -1.9719869e-01
  -9.2591704e-02  -2.9431385e-02   1.2677900e-02  -3.7660926e-01   1.1417990e-01  -1.3435515e-01   1.3781587e-01   1.4695215e-01
  -3.4798429e-01  -4.0461653e-02   6.9172166e-02  -1.1634006e-01  -2.9763072e-01   5.3731520e-02  -8.4413114e-02   2.0840995e-01
  -1.0847445e-01   5.5811920e-03  -8.5550204e-02  -2.7109584e-01  -2.4233125e-01  -3.5760062e-02   1.2481014e-01   4.9814238e-02
  -3.6269490e-01  -1.1160000e-01   1.8975944e-01  -3.6639699e-01   4.0857213e-03   1.8418454e-02   1.4190481e-01  -1.9514182e-01
  -1.7275928e-01  -1.1924214e-01  -2.1443561e-02  -2.3430720e-01   1.7159789e-02  -1.7541051e-01   5.6690924e-03   2.1249768e-01
  -4.7267663e-01   1.1309920e-01   3.7779779e-02  -7.6472307e-02  -5.9262280e-02  -9.2819606e-02  -1.3548174e-01   3.4191334e-02
  -1.4320189e-01   8.0845387e-02  -6.3471755e-02  -2.0828140e-01  -2.6343627e-01  -7.5305591e-02   2.6966066e-01   2.3711034e-01
  -2.1476401e-01  -1.2364702e-01   2.0596430e-01  -2.6542034e-01  -1.1127170e-01  -7.4434403e-02  -5.6733682e-02  -2.3532870e-01
   1.1191489e-02   6.2874806e-04  -1.9310521e-01  -3.1395081e-01  -1.5319587e-01  -1.2828255e-01  -7.6185711e-02  -1.2747154e-01
  -3.5002576e-01   8.7432861e-02  -1.0605394e-01  -9.4491301e-02  -5.4642147e-02   2.8254982e-02  -1.7020291e-02   1.1959119e-01
  -3.3512663e-02  -1.3407040e-02  -1.2898082e-02  -1.1960377e-01  -2.1488818e-01  -6.5464675e-02   1.7043340e-01   2.6125019e-01
  -1.6727544e-01  -1.5282864e-01   2.2542909e-01  -2.0218148e-01  -1.2910404e-01  -1.3123644e-01  -5.9754590e-02  -1.8444842e-01
  -2.5810446e-01  -2.2198639e-01  -1.5156525e-01  -2.4324266e-01   7.7507095e-02  -3.2750601e-02   9.4536075e-02  -7.9271448e-02
  -8.2777497e-02   5.4690195e-02  -2.9800895e-01  -1.7404828e-02  -5.1486839e-02  -6.8959751e-02   5.8142584e-02   1.5943042e-01
   4.6260504e-02   1.6507957e-02  -4.2850455e-02  -1.6397467e-01  -1.4800274e-01  -1.8263352e-01  -4.7816884e-03   1.4555143e-01
   1.1161647e-02  -1.3239790e-01   2.1442487e-01  -1.4571101e-01   6.0326889e-02  -1.4165810e-01   4.9812810e-02  -2.8181002e-01
  -1.0864396e-01  -7.5607625e-02  -2.1743611e-01  -4.2818803e-01   2.0306847e-01  -1.1572345e-01   1.9840287e-02  -1.6560283e-01
  -1.6944102e-02  -7.7834699e-03  -1.6243792e-01  -4.8699255e-02  -1.3002278e-02   1.7743742e-02   4.4670810e-02   5.5378732e-02
   3.9646590e-02   8.7732812e-02  -3.2723123e-02  -3.2858285e-02  -1.9097001e-01   2.7303853e-02  -1.1255019e-01   1.2288116e-01
   8.3001768e-02  -1.2046378e-02   1.4328259e-01  -5.4992810e-02  -1.2659260e-01   4.0571632e-02  -1.3098770e-01  -4.3255758e-01
  -2.6678702e-01  -1.1290257e-01  -1.9456249e-01  -4.1701177e-01   9.7436295e-02  -9.4658697e-03   2.3657717e-02  -1.1747246e-01
   4.7585843e-02   1.1667293e-01  -2.7257140e-01   1.6501826e-01   1.1723878e-01  -9.3878530e-02   3.0811978e-01   1.1801023e-01
   7.9912591e-02   2.0593144e-01  -3.8828927e-02   7.0559702e-02  -2.2389700e-01  -2.8070851e-03  -1.7921098e-01   2.4325906e-02
   2.8668244e-01  -1.8398789e-02  -2.0852552e-02   2.1134453e-01  -3.8018330e-02  -1.4125826e-02   1.9010083e-01  -4.4806113e-01
  -2.1522299e-01  -1.0747828e-01  -1.6917721e-01  -2.3672095e-01   6.2737708e-02  -9.2093601e-02  -2.4266608e-01  -2.5019537e-01
   1.2779922e-01   1.1558814e-01  -2.9346198e-01  -4.4378477e-02   6.1735077e-02  -1.4969786e-01   4.7207866e-01   9.0406468e-02
  -1.6414095e-01   1.8990029e-01  -9.5264806e-02   1.2153607e-01  -3.4435094e-02  -4.8557594e-02  -1.5421735e-01   3.1901256e-03
   2.5970650e-01   1.3506200e-01   7.0224980e-02   7.8357798e-02  -1.0293985e-02  -4.6512326e-02   1.2443646e-01  -3.1838970e-01
  -4.8141898e-01   6.4194622e-02  -8.4237387e-02  -1.6887466e-01   9.4263788e-02  -1.1127837e-01  -1.7641428e-01  -1.8416191e-01
   9.8763438e-02  -4.2044119e-02  -2.3057424e-01   1.5114642e-01   2.1938650e-01  -1.8165753e-01   1.8362588e-01   1.0671987e-01
  -4.3577920e-02   6.4973206e-02   4.6818936e-02   1.9939774e-01   2.1328024e-01  -4.7523955e-02  -1.3774548e-01   4.4183154e-02
   2.7453072e-01   1.1133405e-01  -8.0628024e-02   1.9530813e-02  -2.5179648e-02   6.3617364e-02   1.4323754e-01  -3.3467591e-01
  -3.8443001e-01   9.6070248e-02  -1.2177390e-01  -1.3594256e-01   2.4823884e-01   8.9111254e-03  -1.0028707e-01  -5.2443831e-02
   1.1548470e-01   3.3464918e-02  -2.3177781e-01   3.0131064e-01   1.4484048e-02  -6.4661488e-02   2.1005740e-01   2.1473189e-01
  -3.2999760e-02  -1.0527716e-01   9.9314174e-02   2.7288106e-01   1.9105091e-01  -6.6502328e-02  -9.4145496e-02   9.4867434e-02
   1.4650072e-01   1.9923568e-01  -1.3587918e-01  -2.0816583e-01  -9.9752659e-02  -1.8017301e-02   2.2184786e-02  -2.9084087e-01
  -1.0115551e-01   8.8652868e-02  -1.3754691e-01  -1.2669644e-01   2.5015696e-01   1.5665893e-01  -1.8784475e-01  -1.2023539e-01
   2.2166919e-01   7.5091412e-02  -3.6332581e-02   6.9967569e-02  -2.4243718e-02   2.3943134e-02   4.7683631e-01   2.8682325e-01
  -3.9452366e-02  -9.7750183e-02   6.8338374e-02   2.1347365e-01  -8.6761196e-02   7.6376535e-02  -9.0322412e-02   8.0971848e-03
  -1.2920128e-01   1.3206440e-01  -2.0784499e-02   4.7485440e-02  -6.3697123e-02  -5.4305048e-02   1.8372594e-02  -1.2816112e-01
  -2.0354835e-02   2.2582977e-01  -3.3381429e-01  -1.4166326e-02   2.5527652e-01  -4.3747345e-02  -1.4095716e-01  -1.1591101e-01
  -2.0916714e-02   1.1548697e-01   5.4479677e-02   9.5985164e-02  -2.9646705e-01   7.1268150e-02   2.8055610e-01   2.6353955e-01
  -1.5516559e-02  -1.0149028e-01  -6.8929207e-02   2.0814485e-01   1.1698588e-01   5.8517327e-02  -1.1407660e-01   4.5402491e-02
  -1.7876194e-01   7.4595526e-02  -6.8094573e-02  -1.2317974e-02  -1.6609069e-01  -1.7344708e-01  -2.0573383e-01  -1.3229175e-01
   6.2969147e-02   1.7329221e-01  -2.3060032e-01  -2.4915996e-01   3.0369883e-01  -1.0574123e-01  -4.5098049e-02  -1.2333592e-01
  -4.4845168e-02   1.4937785e-01   9.8314933e-03   1.0528146e-02  -3.4046381e-01   9.1147089e-02   2.0729028e-01   8.8711695e-02
   1.0204598e-01   1.2745216e-02   6.9796475e-02   1.9579835e-01   1.9924320e-01  -4.3908878e-03   4.2753260e-02   4.2609976e-02
  -3.7745697e-01   2.6430500e-01  -6.1080785e-02  -1.7511725e-01  -1.3420164e-01  -1.7463183e-01  -1.5216256e-01  -1.0395181e-01
   1.7965978e-01   2.3050787e-01  -1.8928918e-01  -1.5399841e-01   1.5979175e-01  -7.9713685e-02   3.1788477e-02  -5.7231364e-03
  -2.8898097e-02   1.5919315e-01   2.3961153e-01   1.2720671e-01  -2.9665738e-01   1.4839121e-01   2.6218648e-01   8.4349394e-02
   1.2334049e-01  -4.0876346e-02   6.8609194e-02   1.0118183e-01   1.7216918e-01  -1.1880468e-01  -1.0617549e-01   8.6910753e-02
  -2.3223661e-01   1.6426025e-01  -1.8544563e-01  -8.8863855e-02  -1.3375515e-01  -3.5426198e-02  -1.1910029e-01  -1.5680757e-01
   2.3192016e-01   1.2146249e-01  -1.2872868e-01  -1.9169668e-01   2.6357561e-01  -7.9782991e-03  -7.8541417e-03   2.0370188e-01
  -1.0317201e-01   4.3082185e-04  -4.4754903e-02   5.5666966e-02  -4.7465201e-01   7.0336310e-02   1.7762293e-01   1.3870312e-01
   3.9738570e-02  -5.7852328e-02  -6.2796823e-03  -1.2021105e-02   3.5373817e-01   7.9565175e-02  -1.3367529e-01  -7.1159251e-02
  -1.9121913e-01   1.0364910e-01  -4.2194826e-02  -1.8818251e-01  -1.4490468e-02  -1.6418853e-02  -1.9821812e-01  -9.8718789e-02
   2.7177722e-01   1.2875094e-02  -6.4771550e-02  -1.1703953e-01   1.8871499e-01  -7.4718168e-03   7.7637728e-02   2.3956098e-01
  -1.0112558e-01   3.0526828e-01   5.7148380e-02   1.0940497e-01  -2.2322873e-01   1.3370435e-01   2.8017357e-01   6.2626776e-02
   1.4124739e-01   5.2286601e-02  -1.2569966e-01   9.2029185e-03   2.3102131e-01   3.2472393e-02  -3.7731435e-02  -2.6119432e-02
  -1.1995537e-01   2.0535632e-02  -3.0983508e-02  -9.1351221e-02  -1.0436592e-01  -1.2826904e-01  -1.6180819e-01   7.0347645e-02
   1.4358933e-01  -1.4664080e-01  -1.0316242e-01  -1.7999231e-01  -1.0674860e-02  -1.9782956e-02   7.4781954e-02   8.3485110e-02
   8.6475441e-02   9.5372850e-02   7.2813370e-02   1.6247425e-01  -2.8711700e-01  -1.1633312e-02   7.6584877e-02   1.1806398e-01
   3.4723888e-01   3.5920559e-02  -1.3944107e-01  -1.8970195e-02   2.6038554e-01   1.3469019e-02  -1.3756475e-01  -2.0374885e-03
  -3.9893975e-02   9.5220552e-02  -2.4594362e-02  -4.6572628e-02   8.5111227e-02  -1.7610802e-01  -1.5064707e-01  -5.8717692e-02
   1.2187501e-01  -3.6847794e-01   1.0270819e-01  -1.3163879e-01  -1.1697156e-01   6.8103135e-03   2.7211787e-02   1.9831085e-02
  -1.9678159e-02   2.4581077e-02   1.7185315e-02   1.0287551e-01  -8.6740860e-02   2.8173506e-02  -1.7984697e-02  -6.1067018e-02
   3.4284200e-01   1.5826327e-01  -1.3061389e-02   2.4695360e-02   1.3802122e-01   2.0773033e-01   4.9276743e-02  -9.4974260e-02
  -1.5719175e-01  -1.4445082e-02  -1.1610039e-01   5.8507391e-02  -1.6203141e-02  -2.2371315e-01  -7.6364247e-02   7.5336807e-02
  -4.4827102e-02  -1.9304445e-01  -1.9841054e-01  -1.9687025e-01  -2.8279924e-01  -1.0486597e-01  -2.0021671e-02   1.9880131e-01
  -1.4317989e-02  -3.2886001e-02   7.2019572e-02   1.8328031e-01  -1.2562124e-01  -2.8206011e-02  -2.4556527e-03  -1.1618082e-02
   4.5649613e-01   1.3864609e-01  -9.4813543e-02   7.5352434e-02   1.4872505e-01   1.5339657e-01  -3.8411797e-02  -7.3695668e-02
  -9.4353273e-02   1.9230532e-02  -5.9083057e-02  -3.9391736e-02   3.5506746e-02  -1.9093377e-01  -1.1480991e-01   1.8804442e-01
  -1.7834588e-01  -2.0911812e-01   3.3597673e-02  -1.8496781e-01  -4.1798790e-01  -2.2078159e-01  -8.5909993e-03   2.6247608e-01
  -4.5642904e-02   6.6836772e-02   3.0477050e-01   1.0052136e-01   1.2149363e-02   1.4604460e-01  -3.2280111e-02   6.5733037e-02
   2.7270158e-01   1.6114453e-01   1.4560065e-01   5.3141144e-02   1.3361676e-01   1.8163482e-01   2.9539129e-01   8.3636771e-02
  -1.2119681e-01  -1.5868310e-01  -2.2211699e-01  -1.1270472e-01   2.5857381e-02  -1.5968283e-01  -9.1917355e-02   1.2463270e-01
  -3.2567610e-01  -1.4798119e-01  -4.8937933e-02  -4.1039589e-01  -5.0135770e-01  -2.4625594e-01   7.8012710e-02   3.4863425e-01
  -3.2093622e-02   2.5538083e-01   2.3270382e-01   1.9110710e-01   5.1142809e-02  -4.2387627e-02  -3.3263240e-01  -2.5378063e-04
   1.4536564e-01   4.7527844e-02  -2.4799084e-03   1.3547662e-01  -4.7266656e-02   2.3832833e-01   2.4223861e-01   2.8019887e-02
  -1.5209938e-01  -2.4544309e-01  -1.3976683e-01   4.6077240e-02   4.2148798e-02  -5.8830747e-02  -6.9070088e-02   1.1278485e-01
  -3.6864620e-01  -5.9085237e-02  -1.6047908e-02  -6.2108425e-01  -3.6643366e-01  -5.4589520e-01   3.9150332e-01   7.2100591e-01
  -5.1565816e-02   4.2152117e-01   1.7063644e-01   4.2728120e-01   4.2642380e-01   3.9918681e-02  -3.1943646e-01   1.0642250e-01
  -2.0843882e-01   1.8522369e-01   1.1281282e-01   5.5113173e-01   2.9950049e-02   3.3617425e-01   2.8837341e-03   1.5530736e-02
  -1.3948250e-01  -5.0581289e-01  -4.1629184e-02   1.0311792e-01   5.6322975e-02   1.5933626e-02  -7.8379330e-02   1.8040024e-01
b1
  -1.0719365e-01   1.4373680e-01  -1.0965219e-02  -7.3189964e-01   5.7975011e-01   1.7926377e-01   2.2061416e-01   3.9900050e-01
w2
  -2.1716520e+00
   1.7038012e+00
   1.8945583e+00
   1.7800134e+00
   1.6540069e+00
  -1.4935777e+00
   2.2931090e+00
   1.5405381e+00
b2
  -1.7370592e+00
