nin
   156
nhidden
   8
nout
   1
nwts
   1265
w1
   1.1130191e-01   6.0309517e-01  -1.8875839e-01   9.3500912e-02   1.5182900e-01   6.7591677e-01  -8.2225901e-01   1.7388166e-01
  -1.2409800e-02  -2.3612892e-01   2.3700097e-01   3.6480723e-01  -4.5460500e-01  -1.3101585e-01   4.3081889e-01   1.3000095e-01
  -5.9916615e-01  -6.3373965e-01   5.3592391e-01  -1.4621508e-01   3.4955807e-01  -8.7859359e-01   2.3086262e-01   5.2145510e-02
  -3.2268386e-01  -8.3505590e-02  -5.8119297e-01   2.0215799e-01  -2.8323500e-01  -6.9434264e-01   4.8767843e-01   7.1703233e-01
  -1.6218058e-01   3.9878777e-01  -2.6347271e-02  -3.5589904e-01  -8.4693025e-02   1.0026324e-01  -3.6700970e-01   6.5704590e-02
   2.7456599e-01  -6.4999232e-02   7.4493887e-02   1.2970858e-01  -2.1934886e-01  -1.7073445e-02   4.2711507e-01   9.3211224e-02
  -3.6376932e-01  -5.7543074e-01   2.6663759e-01   2.1279187e-01   3.1917967e-01  -5.9809904e-01   5.6959304e-02  -1.4197184e-01
  -3.2649389e-01   4.5725869e-02  -3.3668092e-01   2.3422857e-01  -9.1540209e-02  -6.1610513e-01   2.2682728e-01   3.6422914e-01
   6.3212654e-02   3.9416443e-01   1.9690392e-01  -5.9458248e-01  -7.5961145e-03   1.2007062e-01  -3.2739254e-01   1.1469471e-01
   1.9492415e-01   1.9352465e-01   1.2142655e-01   4.5046700e-02   7.5791327e-03   8.8582303e-02   3.6798880e-01   1.1406725e-01
  -1.4376499e-01  -4.1118810e-01   2.4358504e-01   2.0933226e-01   9.5329896e-02  -3.4646159e-01   8.3638664e-02  -2.8983928e-02
  -1.0285939e-02   8.0414800e-02  -3.2115400e-01   2.4917157e-01  -9.3064938e-02  -2.1982731e-01   5.3360586e-02   1.3573200e-01
   1.6114277e-02   2.9398216e-01   2.0058330e-01  -6.3277947e-01   5.4167675e-02   3.7283435e-02  -2.1162349e-01   1.9062145e-01
   2.7191323e-01   3.0077914e-01   1.6733071e-01  -1.3765421e-01   1.3090640e-01   2.1401491e-01   2.0038178e-01   2.8091781e-01
   7.4277058e-02  -1.7103401e-01   3.7765510e-01   4.2022824e-01  -1.0616438e-01  -2.2732240e-01  -6.2319544e-04  -1.6253004e-01
   7.3452259e-02   1.0580005e-01  -1.6385339e-01   7.1300701e-02  -1.9111295e-01  -1.5539111e-01   2.4623356e-01  -2.1787259e-01
   9.6551097e-03   2.0014540e-01   1.0478068e-01  -4.7150985e-01   6.9879825e-02  -8.2486395e-03   4.7030086e-02   1.2298944e-01
   7.6715692e-03   1.6178248e-01   1.5371577e-01  -2.4057757e-01   1.0362964e-01   1.6797894e-01   2.3492975e-01   8.1300893e-02
   2.5380921e-01  -2.5879808e-01   5.0647393e-01   2.6944742e-01  -4.5520721e-01  -1.4059479e-01   6.5598856e-02  -3.1815118e-01
   3.5664181e-03  -1.5546907e-02  -2.8966424e-02  -2.2531056e-01  -6.9028980e-03   4.8456241e-02   1.1641501e-01  -2.2816859e-01
  -4.5359608e-02   1.6253140e-01   2.6868295e-01  -7.3982831e-02   3.8088555e-01  -2.7002639e-01  -3.5487155e-02  -3.7152217e-03
  -4.1249027e-02   2.6104429e-01  -5.3161596e-02  -7.6681392e-02   1.1222472e-01   3.3871308e-01  -4.3390476e-02  -2.0178113e-01
   2.2673130e-01   1.6908421e-02   5.0551373e-01   2.8994945e-01  -4.2429407e-01   6.2062685e-03   8.8353913e-02  -1.8923573e-01
   2.0851337e-01  -2.1268312e-02  -1.6367347e-01  -3.0962255e-01   1.5718849e-02  -4.4170928e-03   1.6683392e-01  -3.4068585e-01
  -3.1837316e-01  -9.5695353e-02   3.8092718e-02  -2.4683664e-01   2.6822441e-02  -3.9273715e-01   1.6684510e-01  -1.9452893e-01
   4.8503839e-02   2.5438280e-01  -1.2176046e-01  -1.3809380e-01   1.8387961e-01   2.8082654e-01  -9.2384484e-02  -9.3899317e-02
   4.0042872e-01   3.5516580e-01   5.3559766e-01   1.5063916e-01   1.8971245e-01  -2.2054124e-02   2.2487991e-01  -8.1254086e-02
  -1.0956252e-01   2.0447165e-01  -2.4932844e-01  -2.9290683e-01   1.4601730e-01   8.8506835e-02   6.6765448e-02  -4.7393102e-01
  -4.0186970e-01  -1.6553200e-01   9.8966294e-02  -1.3215472e-01  -1.9436379e-01  -4.6547654e-01  -1.0251275e-01  -5.7716048e-01
   5.2076420e-02   1.4780012e-01  -2.8650082e-01  -1.4809318e-01  -1.7091515e-01   3.3419639e-01   5.1729436e-02   6.6081893e-02
   2.8215101e-01   2.9836219e-01   4.7687494e-01   1.4544120e-01   3.1921440e-01   2.7046094e-02   4.3117556e-01   4.1618153e-01
  -1.0136628e-02  -4.2093838e-02  -1.4561405e-01  -2.4484787e-01  -1.1894989e-02   1.1272246e-01   1.7952682e-01  -2.1377025e-01
  -2.7249787e-01  -1.0098187e-01   7.5450886e-02  -3.2865382e-01  -1.8904243e-02  -3.0746004e-01   6.3197766e-02  -6.2232363e-01
   7.4294132e-02   3.4315239e-01  -2.1624029e-01  -1.4255448e-01  -2.6140570e-01   2.4515156e-01   2.5512943e-02   1.3288768e-01
   4.2649539e-01   2.6811214e-01   4.8138125e-01   1.9580006e-01   1.3983718e-01   1.2666491e-01   2.1883900e-01   2.9618823e-01
  -9.3408098e-02  -3.8258899e-02  -8.6344190e-02  -1.5571281e-01  -1.6887236e-01   2.4503476e-03   3.3275691e-01  -4.4331674e-01
  -4.0804876e-01   1.0917171e-01   3.4768848e-02  -2.3422094e-01   8.6379341e-02  -2.9080668e-01   2.1461119e-03  -4.2421306e-01
   8.2399406e-02   6.3355962e-01  -8.3867886e-02  -1.0564872e-02  -6.1729096e-02   2.7044874e-01   6.9661751e-02   4.1509321e-01
   3.2409962e-01   4.5088878e-02   4.9185143e-01   1.7025194e-01  -3.7756958e-02   2.7864942e-01   1.0281810e-01   3.0900242e-01
  -7.1782995e-02  -2.3638752e-02   1.0563746e-01   1.2290413e-01  -2.0270700e-01   2.3639802e-03   2.1321390e-01  -1.9796301e-01
  -4.2209217e-01   4.2656825e-02   1.0597810e-02  -1.4047427e-01   1.2125969e-01  -3.9168458e-01  -1.1337239e-01  -1.1758113e-01
   1.5023753e-01   6.0358115e-01  -1.9582968e-01   1.7085715e-01  -1.0661899e-01   2.5825661e-01  -1.4479669e-01   3.5420876e-01
   1.6211111e-01  -1.7557093e-01   4.5041125e-01   1.8272465e-01   8.0562897e-02   2.6566724e-01   2.1938291e-01   2.5390759e-01
   9.4791271e-02   1.5281811e-02   3.6899293e-02  -9.9176746e-02  -8.8614438e-02  -1.0997530e-01  -1.1116761e-01  -1.2226348e-01
  -2.8972431e-01  -3.2430731e-02  -1.0873740e-03  -3.4161151e-01   2.1807918e-01  -2.5847681e-01  -1.5704203e-01  -1.0220609e-01
   3.6870929e-02   5.0961250e-01  -3.2186431e-02   4.2102194e-02  -1.2868786e-01   4.7869850e-01  -7.8942498e-02   5.4434453e-01
   2.0583683e-01   1.0418426e-02   7.8985536e-02   3.4361428e-01   1.8821580e-02   3.6138077e-01  -5.4590166e-02   1.4858152e-01
  -4.3277800e-02   1.2847671e-01   7.7857931e-02   1.1054533e-01   5.7339758e-02   1.1466472e-01  -4.2367873e-01  -2.1539198e-01
  -2.7388124e-01  -3.4077785e-01   1.7036138e-02  -1.3505242e-01   1.1136997e-01  -1.6639561e-01  -2.4858995e-01   1.6446885e-01
  -1.7540535e-01   3.7103032e-01   3.1029202e-02   1.8011742e-02  -2.1131262e-01   4.1083919e-01  -1.1146509e-01   5.7969205e-01
   8.9789422e-02   1.4099063e-01   3.4881134e-01   2.3978337e-01  -1.1993533e-01   3.7845973e-01  -2.8818260e-01   1.6457254e-01
  -6.3632430e-02   2.8067364e-01   1.6166441e-02   1.2563814e-01  -1.4020466e-01  -1.6458503e-02  -4.3202571e-01  -3.7318977e-02
   9.6100065e-02  -1.7594292e-01   4.3936179e-02  -1.6938598e-01   5.4149904e-03  -6.9686073e-02  -1.5574162e-01   6.7576382e-02
  -2.2530301e-01   5.7178907e-01   2.3917553e-01  -4.3014249e-02  -8.0737762e-02   1.3298841e-01  -1.9589718e-01   5.3943685e-01
   2.7338123e-01   1.4492801e-01   2.6355268e-01   3.0920261e-01  -2.6697023e-01   1.5586626e-01  -2.7177998e-01   1.3151105e-01
  -3.3164165e-01  -5.5887923e-02   1.6091973e-01   1.6736180e-01   3.2000750e-02   1.6611595e-01  -1.4927385e-01  -5.2845661e-02
   3.4312177e-02  -1.2078565e-01  -9.5594892e-02  -7.9590701e-02  -1.0886579e-01  -7.6933273e-02  -1.1314497e-01  -9.2691854e-03
  -4.8151813e-01   5.1527552e-01   2.7694736e-01  -6.0607692e-02  -4.9277596e-02  -1.7172176e-01  -1.5521796e-01   3.5401814e-01
   1.9703474e-01   7.5215068e-02   2.7929326e-01   1.5560448e-01   8.6430570e-02   9.0320468e-02  -2.6795602e-01   3.4515755e-02
  -3.6554980e-01   7.5817797e-02   3.8553803e-01   1.2144535e-01   1.0910935e-01  -1.5445863e-01  -2.0109579e-03  -1.2753371e-01
  -2.0161747e-02   2.8564117e-01  -1.7922920e-02  -1.6319207e-01  -2.9695469e-01  -2.3283532e-02  -4.0305438e-02   2.9046602e-02
  -3.8948895e-01   3.3222827e-01   1.7194895e-01   2.0713435e-01   5.4041073e-01  -3.3947121e-01  -3.8908112e-01   2.9836959e-02
   4.3626069e-01  -1.2068709e-01   2.6979055e-01   4.3169625e-02  -2.3462638e-02   1.2361463e-01  -4.3919382e-02  -8.8070613e-02
  -4.7379688e-01   1.1857882e-02   1.7394064e-01   2.9775128e-02   5.4743735e-02  -2.8386167e-01   2.7361103e-01  -2.3336008e-01
  -1.7389601e-01   4.5729924e-02  -1.9530682e-01   1.0698567e-02  -4.2615665e-01  -2.4004095e-01   4.5588382e-02   1.4609372e-01
  -2.9106372e-01   3.4982956e-01   2.9218089e-01   2.8851151e-01   7.4832635e-01  -4.2781927e-01  -1.4365735e-01   1.2811707e-01
   5.2848276e-01   1.2843987e-01   2.5933286e-01   7.1024073e-03   2.5323059e-01   1.7849441e-01  -2.0446436e-01   9.2107139e-02
  -1.7436526e-01   9.2471475e-02   6.8307998e-02   1.6883465e-01  -1.4953360e-01   1.6823051e-03   2.0884145e-01   1.3953264e-03
  -1.4224231e-01  -7.4517200e-02  -1.3360010e-01   6.3830405e-02  -1.9243260e-01  -3.0666058e-01   3.4057061e-02   4.5685272e-02
  -2.1119766e-01   9.2624874e-02   5.5885427e-01   2.3595258e-01   7.4298019e-01  -4.4150236e-01  -3.7983656e-01  -1.1570175e-01
   2.4766709e-01   1.2443043e-01   4.3685562e-01   1.7020231e-01   1.8164580e-01   1.3674107e-02   2.3374964e-01   4.5128740e-02
  -7.7026299e-02   1.2152355e-01  -6.2411263e-02   2.7139144e-01  -2.1200962e-01   3.2721948e-02   1.3111220e-01  -2.0227545e-02
  -4.2781585e-01  -2.6440795e-01  -2.4705523e-02   7.3350949e-02  -8.8092218e-03  -1.6923914e-01   2.2202930e-01   1.1394053e-02
  -9.5937622e-02  -5.4993708e-03   3.3744879e-01   1.9035183e-01   6.8321193e-01  -3.7632965e-01  -3.5818959e-01  -2.6505517e-01
   9.4113830e-02   2.4301374e-01   3.4123787e-01   1.9525596e-01   2.9487098e-01  -1.9007032e-02   1.2429992e-01   1.5613375e-03
   8.8663438e-03   2.2029410e-01  -5.7982409e-02   2.5026140e-01  -1.5034836e-01   2.2158023e-01   9.5441885e-02   5.6874237e-02
  -5.2555463e-01  -2.2751644e-01  -1.5238004e-02  -6.1667696e-02  -1.9909382e-01  -4.2867749e-02   4.7461413e-01   2.1575572e-01
  -4.0948091e-02  -1.7603678e-01   3.1728856e-01   5.7651563e-01   5.5088234e-01  -3.0349839e-01  -3.5779509e-01  -3.8801456e-01
   3.5252529e-01   3.1682602e-01   2.1113764e-01   1.7670192e-01   1.8218469e-01   1.0515615e-01   4.5197858e-02  -1.7983863e-01
   1.0652726e-02   4.9539086e-02  -1.7007871e-01   2.4186345e-01  -1.1958054e-01   3.4893658e-01  -4.6070209e-02   3.2242433e-01
  -3.2872107e-01  -2.6998922e-01  -1.2084659e-01   8.9063506e-02   5.7069777e-03  -2.2226286e-01   2.7873729e-01   1.5253246e-01
   1.3154119e-01  -1.3956502e-01   7.9364772e-02   3.3157546e-01   6.2575589e-01   5.9769518e-02  -1.3222071e-01  -2.8352436e-01
   1.6759608e-01   3.1655274e-02   3.0502205e-01   2.5677034e-01  -2.9549732e-02   1.8407372e-01   2.4898488e-01  -2.0846733e-01
  -2.2815365e-02  -2.7784785e-01  -1.1389911e-01   2.8587118e-02   1.6051961e-01   6.5764058e-02  -4.9434950e-02   3.5159283e-01
  -1.5079843e-01  -4.2373641e-02  -1.6875798e-01  -2.6717226e-02   7.5533471e-02  -2.3356423e-01   2.5626723e-01   8.8443958e-02
   1.9681639e-01  -1.3703957e-01   8.0086450e-02   3.8299136e-01   4.1117666e-01   1.3168545e-01  -1.6584595e-01  -1.5618677e-01
  -4.8399134e-02  -9.9524417e-02   1.9182522e-01   2.0421636e-01   4.9903412e-02   2.2995332e-03   1.8313493e-01  -2.5056694e-01
   2.1522551e-02  -8.3669869e-02  -2.5445959e-01   3.1729904e-01  -9.8382799e-02   9.5905332e-02  -2.2307248e-01   2.0371758e-01
  -1.8436371e-02   8.6036299e-02   7.8824131e-02  -1.4269306e-02  -1.0845465e-01  -3.5556135e-01   2.8581036e-01   1.4379434e-01
   3.1209601e-01   1.3738901e-01   4.8651123e-02   2.3288471e-01   5.1995934e-01   3.0679927e-01  -2.7652694e-01  -1.3005511e-01
   3.2923130e-02  -1.9704952e-01   8.2017977e-02   3.1193125e-01   2.2266160e-01   1.6831485e-02  -8.9304593e-02  -4.5037570e-01
  -7.8313204e-02  -3.3782498e-01  -1.1137997e-01   2.1008623e-01   9.8413291e-03   2.4650062e-02   1.0437269e-01  -2.7901636e-03
  -8.3437599e-02   2.1885501e-01  -8.6372744e-02   1.2831361e-01   1.4885509e-01  -3.2464274e-01   5.2666756e-02  -3.4580780e-03
   3.9741642e-01   2.5332869e-01   2.7041987e-02   4.3196225e-02   3.6776400e-01   4.2713821e-01  -4.3451276e-01  -1.3332857e-01
   1.6850941e-01  -9.1446935e-02   1.1671501e-02   3.0842932e-01   1.8711838e-01   1.6120757e-01  -2.2934342e-01  -4.3415479e-01
  -1.3828361e-01  -2.4151429e-01  -1.4655108e-01   1.4754322e-01  -3.2064596e-03  -1.3058134e-01   8.7573243e-02  -3.3132476e-02
   3.3396469e-02   1.9933600e-01  -5.0076702e-02   1.7645303e-01   1.6535837e-01  -5.6236411e-01  -6.1050592e-02  -2.9096001e-02
   1.8250254e-01   3.7668104e-01   5.3451636e-03   1.8883453e-01   3.2120001e-01   2.6725221e-01  -4.2521811e-01  -1.0675536e-03
   3.5727576e-03   9.0834752e-02  -3.0768857e-02   1.2697916e-01   6.7308575e-02   2.0807223e-01  -6.8356683e-02  -2.8664431e-01
  -1.2894228e-02  -1.8558663e-01  -1.6059078e-01   7.5736216e-02   1.7642965e-01  -3.2685847e-01   5.8738926e-02   1.1159771e-01
  -1.3547007e-01   2.1543429e-01  -1.1678545e-01  -1.5326598e-02   9.8596331e-03  -4.2510824e-01  -1.1382300e-01  -2.1103960e-01
  -1.2028910e-01   3.8866833e-01  -1.3274166e-02   7.0285948e-02   7.8975132e-02   2.2496010e-01  -5.0589961e-01  -7.1893088e-02
   1.0280404e-01   7.4586341e-02   4.8055541e-02  -9.3654213e-02   3.2617499e-02   4.9852451e-01  -2.8821076e-02  -6.3753422e-03
   1.6011299e-01   8.0327280e-02  -1.9798695e-01  -1.5497070e-01   1.6963963e-01  -4.2800236e-02  -1.1815475e-01   2.2081890e-01
  -6.0934859e-02   4.0830349e-02  -2.0725360e-01   9.1539755e-02  -8.5987072e-02  -2.5865107e-01   1.7273635e-01  -1.5019193e-01
  -1.9872692e-02   2.1639870e-01   4.6453394e-02  -1.9195677e-01  -9.8662365e-03   3.9357705e-01  -1.5967430e-01   4.5329488e-03
   5.9081797e-02   3.3766048e-01   4.5792655e-02  -4.8909208e-02   7.0134528e-02   4.3118315e-01  -1.4834262e-01  -1.4693773e-01
   2.5136550e-01   2.5283367e-02  -1.7035189e-01  -2.7575458e-01   2.9073896e-01  -1.5782001e-02   5.0125410e-02   1.5700118e-01
  -9.8762205e-02  -1.0048004e-01   2.0215055e-02   3.7631691e-02  -1.5380363e-01  -1.7646030e-01   6.5279501e-02  -1.8297389e-01
  -6.2785157e-02   2.9691804e-02   1.7794217e-01  -2.6369623e-01   2.6360243e-01   2.8549715e-01  -8.5074046e-02  -4.6746338e-02
  -1.8550898e-01   2.4939302e-01   3.0088091e-03   4.4745932e-02   1.6591687e-02   3.1352347e-01  -4.0849947e-02  -2.5222017e-01
   3.0690960e-01  -3.1657429e-02  -3.0334949e-01  -5.6358383e-01   9.4280218e-02  -1.7009354e-01   2.8880637e-01   6.0748355e-02
   1.7123865e-01  -2.9196558e-01  -3.3510358e-02  -6.6061931e-02  -1.6116899e-01  -6.8312997e-02   2.5623986e-02  -5.2264539e-02
  -3.6453868e-02  -3.9278124e-01   1.8295072e-01  -4.7438061e-01   2.0012454e-01   1.8277580e-01   1.3454450e-01  -7.4089065e-02
  -3.4526402e-01   1.8036520e-01   1.1729534e-01   7.1737597e-02   1.5998012e-02   9.4210633e-02  -1.7596308e-02  -2.2868303e-02
   4.0351227e-01  -1.1083270e-01  -1.6067351e-02  -6.4073373e-01   4.1954563e-02  -1.1188640e-01   5.2192900e-01  -3.8663840e-02
   3.6058324e-01  -6.5541608e-02  -3.9965944e-01  -1.4784450e-01  -1.7861409e-01   6.9181901e-02   6.2768107e-02   4.9097519e-02
  -1.3154765e-01  -6.6253312e-02   6.9847020e-02  -3.8424068e-01   3.2643122e-01   1.7279534e-01  -1.3685788e-01  -2.2992068e-01
  -3.8750877e-01   1.1489559e-01   3.2678594e-02  -3.8798800e-02  -2.2439639e-02  -1.4681279e-01   4.1137904e-02  -1.9491564e-01
   5.0889786e-01  -1.4524558e-01  -4.6785237e-02  -4.7476318e-01   3.9812578e-02   1.0359908e-01   3.3794575e-01  -2.3114323e-01
   5.3784651e-01  -6.9964085e-02  -2.1519215e-01  -3.0939790e-01  -8.3719120e-02  -3.0325105e-04   7.2203333e-03   1.4967259e-01
   1.2373688e-01   1.7818503e-02   1.7798547e-02  -2.2294429e-01   1.9652008e-01   2.8252678e-01  -1.6189240e-01   3.5392919e-02
  -4.0110406e-01   2.4658817e-01   1.3467498e-01   1.1562798e-01  -6.2151038e-02  -1.2915270e-01  -3.8904681e-01  -2.3840744e-01
   2.8930697e-01   7.7662799e-02  -5.7719041e-02  -3.5151345e-01   4.5845036e-02   7.3764215e-02   3.9520265e-01  -4.0315796e-01
   5.3682413e-01   2.5738622e-01   3.3159502e-02  -3.9584781e-02  -2.4421323e-01  -3.2697323e-01   1.3256921e-01   2.0466034e-01
  -5.7506695e-02  -2.8525804e-02  -4.7824776e-02  -8.4966979e-02  -3.4294396e-01   3.2643368e-01  -2.9574149e-01  -1.6353842e-01
  -3.9586885e-01  -8.1958860e-02   2.4122908e-01   3.7614671e-02  -1.0488499e-01   1.3553334e-03  -5.9332730e-01  -2.2099840e-01
   1.9698013e-01   4.0861600e-03   1.2865351e-02  -2.7386032e-01  -1.1382043e-01  -2.1204294e-01   2.9637753e-01  -3.3716658e-01
   3.9125711e-01   2.5883117e-01  -1.2999539e-01  -1.7248516e-01   6.9227358e-03  -2.8685414e-01   1.0384060e-01   2.2993371e-01
  -1.3320317e-02  -6.0728052e-02  -1.3295531e-01  -7.4639295e-02  -4.3492535e-01   2.0827268e-01  -6.4867638e-02  -8.8397615e-02
  -3.2574274e-01  -1.4492654e-01   1.0724639e-01  -5.9989363e-02  -1.9593170e-01   1.4656630e-01  -1.5009006e-01  -3.1174561e-01
   2.9258412e-02  -3.7563498e-02  -9.6328980e-03  -7.4423688e-02  -1.5169842e-02  -2.2588478e-01  -5.1642011e-02  -2.5703013e-01
   2.7535679e-01   2.8712729e-01  -3.3952512e-01   1.4380823e-01   1.0152077e-01  -2.7419626e-01   1.0001559e-01   4.5171433e-01
  -7.6523512e-02  -8.2568460e-02  -2.7096384e-01   4.7088803e-02  -3.4352856e-01   1.7529164e-01  -1.2783047e-01   6.3192987e-02
  -2.1591344e-01  -3.5577456e-01   7.4708152e-02   1.9716993e-03  -3.8480742e-01   1.8686845e-01  -2.8191562e-01  -4.4234388e-01
   1.3525407e-01  -2.8822623e-01  -2.4041933e-03  -4.6232185e-02  -1.5995914e-01  -1.0726583e-01  -2.8616825e-02  -2.2774884e-01
   2.1664624e-01   4.2626397e-01  -9.0167672e-02  -7.4305634e-02  -1.0812686e-01  -3.0347275e-01   3.6173393e-01   5.0961908e-01
  -1.6382428e-01  -4.9392380e-02  -1.6395944e-01  -4.2296295e-02  -2.2673803e-01   1.6321605e-01  -1.1955918e-01  -1.2778415e-01
  -1.5631375e-02  -3.2958772e-01  -3.0549101e-02  -2.0756356e-01  -2.3920985e-01   2.6224964e-01  -4.0797083e-01  -5.1075765e-01
   1.0579586e-01  -1.3821139e-01  -4.1577140e-02   7.1326010e-02  -9.8916124e-02  -1.4926416e-01  -4.3395294e-01   2.0434125e-01
   1.2192586e-01   3.3023769e-01  -1.4658680e-01   1.0976998e-01   2.1412348e-01  -3.7106474e-01   6.0633967e-01   3.2447111e-01
  -3.2701399e-01  -1.5641687e-01  -1.5390874e-01  -2.1738783e-01   1.0619630e-01   1.6537713e-02  -1.1260052e-01  -7.3028264e-02
   1.8014571e-01  -1.9970911e-01  -4.2615579e-03  -3.6222274e-01  -2.7125538e-01   2.5514026e-01  -3.0553959e-01  -8.0270827e-02
   3.7729008e-01  -7.2835913e-02  -2.6434259e-01   2.3708846e-01  -9.1055408e-02   5.4901222e-02  -5.3048923e-01   1.4006533e-01
   5.0026613e-02  -1.8941983e-02  -1.1239542e-01   3.1938467e-01   3.0397358e-01  -2.2030732e-01   4.9830026e-01  -3.0435115e-02
  -3.2663344e-01  -5.3877416e-02  -1.4089576e-01  -2.4280082e-02   1.4025906e-01  -8.2167627e-02  -3.4627478e-01  -9.5765181e-02
   1.4087346e-01  -1.4169969e-01   2.9407137e-02  -2.3274797e-01   1.1129221e-01   2.7137281e-01  -2.6301991e-01   2.0388406e-01
   2.3872679e-01  -4.3613271e-01  -1.3934012e-01   2.0451450e-01   1.3224534e-01  -2.0046352e-02  -4.9378522e-01   3.2353680e-01
   9.0679783e-02  -1.0223575e-01  -1.8230325e-01   1.8034497e-01   3.1298657e-01  -2.1693528e-01   6.1246503e-01  -3.2665984e-01
  -2.5997579e-01   1.0203101e-01  -9.4746387e-02   1.0840877e-01   2.3021158e-01  -4.9679307e-02  -2.5086073e-01   1.0582180e-01
   1.9695421e-03   2.3421072e-01   2.4222992e-02  -3.3608185e-01   3.8201193e-01   2.8719012e-01   1.9047815e-01   5.5001137e-01
   3.0101034e-02  -5.7108875e-01  -1.4809586e-01   1.5900494e-01   2.2664271e-01  -1.5520102e-01  -3.3584622e-01   3.8144090e-01
   1.4555548e-01  -3.7495942e-01  -2.5468746e-01   4.4903403e-01   3.7258544e-01  -2.4181746e-01   1.3167161e-01  -1.1686700e+00
  -2.8198500e-01   1.4890463e-01  -1.9212680e-01   1.0385537e-01  -1.4467705e-01   1.3953380e-02  -3.6142674e-01   5.0177171e-01
   9.7243923e-02   5.8057479e-01   3.1996319e-02  -5.9122340e-01   1.4238562e-01   2.1464292e-01   2.0465280e-01   8.1819064e-01
  -1.6480437e-01  -5.1497028e-01   3.0105494e-02   3.5574929e-01   6.9273116e-02   1.7325714e-01  -3.1200356e-01   2.5924445e-01
b1
  -7.3934655e-02   1.3052903e-01   9.7491200e-02  -2.3704483e-01   3.4343708e-01  -3.7479795e-01   6.2826517e-02  -2.9405026e-01
w2
  -1.3523225e+00
  -1.4384507e+00
   1.3994517e+00
  -1.7263473e+00
  -2.5386952e+00
  -1.6695273e+00
   1.3737574e+00
   1.8279700e+00
b2
   1.8537030e-01
