  -2.4023392e-02   2.6944117e-02   8.6496810e-02   1.5126492e-01  -3.0178762e-01   3.2123749e-02  -1.6079561e-01  -2.1002266e-02
  -6.2399783e-02  -4.5752934e-02   4.6563672e-02   2.8003523e-02   3.0136301e-02  -4.1794443e-02   5.0208030e-02   1.3443808e-02
  -2.8605427e-02   3.2894648e-02  -1.0310108e-01  -1.3617175e-01   1.0836103e-01   3.9604148e-01   1.2471488e-01   8.3154173e-03
  -1.0383391e-02   1.5127231e-02  -5.3392310e-02  -1.0300073e-01   4.0243240e-01   3.3674453e-01   1.2546782e-01   1.1013687e-02
  -1.6437963e-02  -2.0590197e-02  -5.5469970e-02   1.6028764e-01   1.1847381e-01  -5.5473312e-01  -3.9117728e-01  -3.3021281e-02
   1.0652207e-02  -4.0515511e-02   5.4987850e-02   1.0510635e-01  -1.5047379e-01  -2.0572811e-01  -2.8264967e-01  -3.6856624e-03
   7.7011586e-02  -1.1921373e-02   3.2241614e-02  -3.9684546e-02   9.2517262e-02   6.3367128e-02   1.6252742e-01   2.2110878e-02
   1.5643091e-02   3.0262935e-02   5.3879434e-02   2.1519569e-01   1.9947668e-02  -2.8091249e-01  -4.2556106e-01  -7.0225224e-03
  -2.7247250e-02  -1.3753433e-02  -1.5458359e-01  -2.8818929e-01   3.7161073e-01   3.8630263e-01   2.3098265e-01  -3.9434477e-02
   4.3876844e-02  -3.0091082e-02  -6.3274945e-02  -2.0191568e-01  -3.1395632e-01  -4.5525678e-01  -3.1058919e-01   5.2356479e-02
   3.8613078e-02  -2.2188234e-02   8.4341651e-02   1.5797413e-01  -4.9279279e-02  -4.1952960e-01  -5.6529874e-02   3.5699717e-02
  -6.6890263e-02  -4.1668721e-02  -1.1352785e-01  -3.3201477e-01   1.5323314e-01   3.6011179e-01   3.4826010e-02  -5.9758245e-02
   1.7045382e-02   1.5086365e-01   1.3653978e-01   2.5557928e-01   3.7648042e-01   1.8711579e-01  -1.7616804e-01   4.7071229e-02
   1.3498923e-01   5.0737449e-02   4.2873068e-02   2.0486586e-02   2.0786791e-01  -5.8035225e-02   1.2709152e-01   3.1644824e-02
   6.3235710e-02  -4.0289122e-03   3.8281091e-02  -3.6920642e-02   3.0959894e-01   7.7506778e-02   3.6677296e-01   5.7849487e-02
   4.0112404e-02   5.4558963e-02   3.8501028e-02   1.3537714e-01  -8.9466023e-02  -1.9424223e-02   2.6294524e-01   2.6829577e-02
   4.6944077e-02  -6.8568120e-02   9.1106878e-02  -6.9098047e-02   2.2934127e-01  -1.0910486e-01  -2.6100571e-01  -3.5270208e-02
   7.0642379e-03   3.6328269e-02   3.5015493e-02  -8.1379200e-02  -9.2714729e-02   4.8699472e-02  -1.5373601e-01   8.8503556e-02
  -5.0292678e-03  -8.9045688e-02   2.0650995e-02  -3.0470941e-02  -3.5050800e-01  -1.9188072e-02   1.6607750e-01  -4.0609706e-03
   3.3425014e-03   3.5398000e-02  -1.0323075e-03   8.6877776e-02   1.3044579e-01  -2.1856594e-01  -9.3624910e-02  -5.0617411e-02
   1.0989907e-02   2.3722057e-02  -4.2501670e-02   7.4288814e-02  -2.5336613e-01  -1.7037703e-02  -4.4511147e-01   4.1263145e-02
  -5.3555606e-02   7.0680445e-02   1.0102843e-02   3.8565596e-02   1.0160721e-01  -6.7747324e-02  -1.3380334e-01  -5.6606975e-03
   2.4576887e-02   7.0072758e-02   4.4387543e-02  -1.1203069e-01   1.2262838e-01   3.1819173e-01   2.0035898e-01   6.5690537e-02
  -1.7890448e-03  -5.8136898e-02  -1.1858577e-01  -2.6028423e-01   6.1050134e-01   2.5025476e-01   6.4231637e-02  -6.2481176e-02
  -3.7408823e-02   9.2637132e-03  -7.4982539e-02  -6.4986105e-02  -8.4981424e-02  -4.2685691e-01  -2.0087771e-01  -1.2570506e-01
  -5.8515709e-03  -3.4425355e-03   3.6556212e-03  -6.1494281e-02  -2.5352455e-01  -1.7069696e-02   4.1499397e-02   2.3157817e-03
   7.7667787e-02  -2.6030365e-02   8.5420591e-02   2.2176286e-02   2.4158084e-02   6.4585743e-03   1.3973254e-01   1.6406661e-02
  -8.1677020e-02   1.1437476e-02  -1.2307329e-04   2.3857936e-01   1.3900443e-01  -2.0535278e-01  -4.4113529e-01  -4.5020833e-02
  -1.0620726e-01   2.9787717e-02  -9.0864118e-02  -2.6096446e-01   2.4262865e-01   4.2715576e-01   2.9824344e-01  -3.2516289e-02
   8.5356097e-02  -3.4990398e-02   5.8663343e-02   1.4259244e-01  -2.7318313e-01  -3.6253645e-01  -2.8309351e-01  -4.4257158e-02
   2.5267464e-02  -1.3643789e-02   2.5957367e-02   1.6207296e-01  -7.1547181e-02  -3.2877670e-01  -5.5961553e-02   6.1839718e-02
  -6.5615095e-02  -1.3476147e-02  -8.5863961e-02  -3.8201490e-01   3.4971233e-01   4.6042714e-01   7.5792745e-02  -2.6111684e-02
   2.2056281e-01   9.2991183e-02   1.8070076e-01   2.0788567e-01   3.6828645e-01  -8.8820857e-02  -4.4960432e-01   5.9988748e-02
   3.5698485e-02   3.2805963e-02  -3.1364194e-02   1.2641802e-01   3.4983548e-01   3.0782648e-02   5.4750166e-03  -2.7673651e-02
   4.2183399e-02   6.3284444e-02   5.7614943e-02  -2.0583879e-01   2.6192528e-01   2.7617616e-01   3.6359754e-01   9.6619136e-04
   1.1161543e-01   7.3267517e-02   1.0252838e-01   1.8244535e-01  -1.8941053e-01  -1.6741236e-01   2.1898158e-01   2.1600463e-02
   7.5415519e-02  -2.0234949e-02   3.6496824e-02   1.2600174e-01   1.2310907e-01  -4.7709812e-02  -7.4492078e-02  -6.8705760e-02
  -5.3050896e-02   5.4526723e-02   3.7038883e-02   1.2066024e-01  -1.0266447e-01   1.9881402e-02  -1.7249813e-01   6.0947097e-02
   1.0911196e-02   5.3619084e-03   3.6963803e-02   3.3779773e-02  -3.0822793e-01  -6.4063208e-02   1.8348683e-01   3.4114676e-02
   5.3581624e-03  -3.0281895e-02   2.4622035e-02   5.3288382e-03   1.1462142e-04  -1.5456188e-01  -1.8952214e-01   8.7053196e-03
  -1.1400360e-01   7.6368532e-02  -2.9931516e-02   4.5982354e-03  -5.8383323e-02  -1.2787655e-01  -9.0531382e-02   2.3406827e-02
   3.2808882e-02   2.4122844e-02  -2.6906552e-02   1.6362362e-01  -5.4574803e-02  -1.3530375e-01  -3.0721493e-03   6.4027838e-03
  -6.0114370e-02  -4.2671840e-02  -8.2394736e-02  -1.9507995e-01   5.7432482e-02   1.3412001e-01   2.6107663e-01   2.2271554e-02
   4.9648073e-02   4.8920611e-03  -1.0025635e-01  -2.5181013e-01   5.1498546e-01   2.8968661e-01   4.0783504e-02   1.2379243e-02
  -4.7725203e-02   7.0437412e-02   9.1058537e-02   4.3279382e-02  -7.9441063e-02  -2.4935670e-01  -2.0648971e-01  -4.1913734e-02
   3.3567922e-03  -7.6764576e-02  -2.4954270e-02   2.1909051e-02  -3.6923528e-01   9.7452564e-02   3.8090738e-02  -1.0511175e-01
   5.3608187e-02   6.0851842e-02   1.3841493e-01   6.4086761e-02  -3.4185828e-02   2.0816591e-02   1.2830370e-01   7.2997054e-03
  -3.7541715e-03   3.3892303e-02   3.3440569e-02   3.9677425e-01   4.1885509e-02  -4.1073621e-01  -4.4547150e-01  -1.8292342e-02
  -1.4445458e-01  -1.2536155e-02  -5.5062410e-02  -2.8040470e-01   1.7863254e-01   4.0318832e-01   3.6193449e-01  -2.8676319e-02
   6.8333338e-02   1.0498386e-01   1.7272924e-02   3.2696296e-01  -3.0458713e-01  -4.6139487e-01  -4.6383543e-01  -6.4956499e-02
  -9.2005596e-03   2.2794552e-02   4.1511776e-02   1.6369462e-01   2.2908264e-01  -3.1080472e-01  -3.2562376e-01   4.4073516e-02
  -5.4314613e-02  -4.9016727e-02  -1.0485104e-01  -4.1870872e-01   2.6641799e-01   3.3264730e-01   5.0526636e-02  -3.0635523e-02
   1.1314711e-01   3.9479006e-02   7.8109704e-02  -4.4773867e-02   1.9805967e-02   5.4582635e-03  -3.5503646e-02   6.7511054e-02
   1.2907942e-01   1.7009679e-02   1.3378647e-01   1.8072105e-01   2.0721801e-01  -1.5302446e-01  -7.4548772e-02   1.1262752e-01
   2.9305078e-02  -8.4697066e-03   2.0089675e-02  -1.5743335e-01   4.5883946e-01   9.3418189e-02   5.2970592e-02   1.8115569e-02
  -1.3372767e-02  -2.7560096e-02   2.8437174e-02  -2.5377835e-02  -1.4217138e-01  -9.8957646e-02   2.5076866e-01   9.5446032e-02
   8.9860139e-03   1.3762884e-02   2.3833877e-02   1.8376729e-01  -4.6835435e-02  -1.2480085e-01   7.2284808e-02   3.9462915e-02
  -3.3326864e-02   5.0933451e-02  -5.2164042e-02   1.2996699e-01  -2.5532767e-01   1.0177617e-01  -3.7507224e-01   2.2949530e-02
   4.3670415e-02   1.7384294e-02   2.7794620e-02   1.2062707e-01  -1.7596847e-01  -2.1622397e-01   5.0484559e-02  -8.0755527e-03
  -2.0461617e-02  -1.2439668e-01   3.3392744e-02  -1.4303912e-01   3.6954882e-02  -5.6836083e-03  -4.5384990e-02   3.8827515e-02
  -5.6264298e-02  -5.0212380e-02  -2.7726301e-02   1.8436837e-01   1.0198505e-02  -2.5170156e-01  -2.1911106e-01  -2.3955032e-02
   4.1736701e-03   2.7438885e-02   8.2079347e-03   9.8912164e-02   1.3121059e-01  -1.8826549e-01  -8.0368167e-02  -1.8707088e-02
   7.1118875e-02   4.5215673e-02   1.6825391e-02   1.7900542e-02   2.4640326e-01   7.9387598e-02   2.2204947e-01   5.5956047e-03
  -1.4438951e-01  -2.1113166e-02  -8.1784147e-02  -2.7058549e-01   6.3568383e-01   1.1435111e-01  -9.4710930e-02   2.8254170e-02
   9.5047096e-02  -1.7623650e-03   1.4889448e-01  -2.5635309e-02  -1.5764952e-01  -1.8223746e-01  -2.4859977e-01  -1.6961780e-02
  -5.8518660e-02  -1.4417070e-01   2.0276651e-02   1.1106129e-01  -1.8573941e-01   9.0694667e-02   1.0473961e-01  -1.1875682e-01
   5.8608817e-02   1.8336348e-02   3.7379573e-02  -6.5586489e-02   7.9683200e-02  -3.6707679e-02   9.6424039e-02   1.3139187e-03
   9.7920477e-02   4.9518485e-02   5.6638415e-02   3.6375147e-01  -1.1431731e-02  -3.9544570e-01  -4.1998634e-01   4.9635683e-02
  -6.2738137e-02  -3.4848136e-03  -8.1763300e-02  -2.6038730e-01   2.5444537e-01   3.3961106e-01   2.3368497e-01  -2.1326009e-02
   1.7618864e-01   1.1289974e-01   1.9125727e-01   1.5107496e-01  -4.5627955e-01  -1.2489681e-01  -2.5783989e-01   1.1572441e-01
   3.1996482e-02  -4.2344993e-03  -2.0372079e-02  -3.1188420e-02   3.6561615e-01  -1.2062826e-01  -3.2162830e-01  -1.5837264e-02
  -1.1833036e-01  -6.3641039e-02  -1.2279203e-01  -5.1629410e-01   3.8761048e-01   3.0934933e-01  -7.0161145e-02  -8.6513698e-02
  -2.0127755e-03   1.2178972e-02   4.6695716e-02   1.3620120e-02   1.4662813e-01  -2.1497356e-02   5.2189772e-02   1.5240599e-02
   7.6688533e-02   3.7281464e-02   5.1774626e-02   1.4702932e-01   2.6115913e-03  -1.6851802e-01  -2.8690855e-02  -1.9638417e-02
  -2.2153185e-02   2.9043213e-02  -2.3564915e-02  -4.1942456e-02   3.5717501e-01   1.8443823e-01  -1.5066247e-02   9.3457738e-02
  -2.2422681e-02  -2.5861955e-02  -3.7693262e-03   7.9717432e-02  -2.4799775e-01  -1.0218360e-01   3.0800198e-01   9.8421152e-03
  -1.9206871e-02   1.9081840e-02  -8.6619478e-02  -1.7100168e-02  -9.5422252e-02  -2.9651731e-01   6.8354965e-02   5.2049705e-03
   5.3962918e-02   8.2490817e-02  -1.0508918e-02   1.0393277e-01  -1.7235985e-01   2.0267983e-01  -3.3710403e-01  -5.2534685e-03
   8.9181226e-02   3.4607031e-03   2.3563096e-03   5.0731617e-02  -2.4171973e-01  -2.3644936e-01  -1.6297651e-02   2.4421713e-02
  -1.6558211e-02  -2.8980988e-02  -1.7952898e-02  -1.3316908e-01  -2.0231130e-01  -1.3264541e-02   4.4108915e-02   8.9252304e-03
  -4.8609968e-02  -2.5567928e-02  -3.8009765e-02   3.4866828e-04   1.2439174e-01  -1.0312634e-01  -4.0105191e-02   4.3329007e-02
   4.3229753e-02   2.1765889e-03   1.1729067e-02   6.6381284e-02   1.0454660e-01  -3.7606236e-02   4.2262007e-02   5.9404608e-02
   8.7535470e-02   1.1803020e-01  -2.6699371e-02   8.2942954e-02   2.5339791e-01  -3.9445460e-02  -4.0560677e-02   7.5791482e-02
  -7.5503313e-02  -8.1537638e-02  -4.6544902e-02  -1.3002909e-01   6.5546166e-01   1.8530874e-01  -1.6172813e-01  -2.4768085e-02
   4.8369087e-02  -8.0659088e-03   5.6544923e-02   2.0300489e-01  -3.4846638e-01  -1.5335870e-01  -3.1722550e-01  -8.3123317e-02
  -6.0208053e-02  -1.1744285e-01   1.2771614e-01  -2.2276582e-01  -1.6094041e-01  -2.9773256e-01   1.5990164e-01   2.0509439e-02
  -6.4772686e-02   1.0402627e-01  -4.0304735e-02  -5.7320981e-02  -4.7042229e-02  -1.7149711e-02   2.4340133e-01  -3.9106963e-02
   6.0406482e-03   7.0200819e-02   4.5562477e-02   2.5289787e-01  -9.9380231e-02  -2.6253768e-01  -2.5953326e-01   4.0575602e-02
  -1.5076027e-02  -4.4705754e-02  -8.9942195e-02  -2.1233332e-01   1.6640772e-01   3.7632899e-01   4.2228076e-01   1.9189643e-02
   3.7181552e-02   5.7043476e-02   9.3109664e-02   2.4316136e-01  -2.8480937e-01  -3.0807588e-01  -2.4100817e-01  -2.7634815e-02
   2.5363341e-02  -5.3333691e-03   4.3560818e-02  -6.1028288e-03   3.0476274e-01  -5.1745114e-02  -4.9607340e-01  -7.7227540e-02
  -7.8546497e-02  -2.2306159e-02  -6.6101597e-02  -4.0068028e-01   2.9538882e-01   3.0108177e-01  -1.0672662e-01  -1.3973594e-02
   8.8109810e-03   1.5904773e-02   1.8223307e-01  -6.7922634e-02   4.0016015e-02   9.6708838e-02   1.6100050e-01   4.2688019e-02
   3.9530672e-02   7.4648480e-02   1.7154966e-02   1.2502822e-01   5.7102608e-02  -2.8704209e-02  -3.2728246e-02   9.0044289e-02
   3.1259415e-02   5.1516738e-02   2.4384582e-02  -1.7762586e-01   4.0445836e-01   1.7051496e-01   6.2510211e-03  -1.3004256e-02
  -4.1723735e-02  -2.9904408e-02  -7.4583281e-02   3.9237743e-02  -1.9989551e-01   3.4207223e-02   3.6599474e-01   1.6564312e-02
   5.9642760e-02   5.0191769e-03   2.2578662e-02   2.0921728e-01  -1.7596200e-01  -3.5061213e-04   8.6383822e-02  -4.3076944e-03
   8.5213671e-02   6.0057053e-02  -8.3542397e-02   6.6255897e-02  -1.5885908e-01   4.6607227e-02  -1.4549068e-01   4.8075703e-02
   2.6695212e-02  -3.6284731e-04   6.0549023e-02   2.3510531e-01  -1.1106951e-02  -2.7979875e-01  -2.2359978e-01   5.4064513e-02
   4.9937164e-02   1.0274885e-02   3.6828811e-02   4.6693169e-02   4.2637329e-02  -6.9911297e-02  -8.5159194e-02   3.4864636e-02
  -7.6669525e-02  -3.3228676e-02  -5.0609040e-02   7.7007046e-02  -1.4613406e-01  -6.8211498e-02  -2.6878045e-01  -8.2157680e-02
  -8.9723262e-02  -4.5787191e-02  -3.2077031e-02  -2.3506772e-02   1.6699502e-01   1.6290024e-02  -1.4726995e-01  -1.3795251e-02
   7.4688628e-02   7.5275464e-02   3.9436497e-02  -8.9296285e-02   3.6922166e-01   9.4072529e-02  -1.3497183e-01   1.2909171e-01
  -5.3504518e-02  -3.7393380e-02  -1.4978333e-02  -2.0230570e-01   7.7580899e-01   8.5398298e-03  -1.4509800e-01   6.5972160e-04
  -2.1985859e-03  -5.5641716e-02   1.0304301e-01   3.8377363e-02  -6.3717835e-02  -3.3637317e-01  -2.6152896e-01  -4.2493281e-02
  -5.6338705e-02  -1.0673053e-01  -1.1507473e-01  -1.2638972e-01  -3.6117429e-01   1.2533834e-01   3.5277435e-01  -3.4939540e-02
   2.3592968e-02   6.6170590e-02  -3.5634792e-02  -1.4029922e-01   8.4811541e-02  -7.2446875e-02   9.2618168e-02   9.1534879e-02
   2.6927888e-02  -1.0249025e-03   6.7200952e-02   3.1024924e-01  -2.2894298e-01  -1.1407924e-01  -2.3588108e-02  -7.2214669e-02
  -9.0913716e-02  -7.5803954e-02  -8.2322525e-02  -1.0987362e-01   5.2770603e-02   1.2674099e-01   4.2947572e-01  -2.3642422e-02
   1.2760759e-01   1.4399774e-01   1.4605743e-01   5.7918556e-01  -4.1671703e-01   6.0310802e-02  -1.5447278e-01   9.4677490e-03
  -3.7949194e-02   6.2944503e-02  -5.1790413e-02   8.2064336e-02   2.7851500e-01   1.4710513e-01  -4.4006130e-01   7.8585381e-03
  -1.2584589e-01  -3.2098909e-02  -1.6501632e-01  -4.1503081e-01   2.9396473e-01   1.2221758e-01   1.0745788e-01  -7.4247422e-02
   1.2892182e-01   1.3650192e-02   1.0198157e-01  -8.0131581e-02   1.4915565e-01  -1.0376415e-01   6.8137939e-02   6.1653504e-02
   2.6990353e-02  -9.9437186e-03   3.3092790e-02   1.0545550e-02  -9.4650985e-02  -5.7512485e-02   9.1570502e-02   1.7786385e-02
  -5.2938058e-02  -2.3032119e-02   1.1756075e-02  -1.3526521e-01   4.0192354e-01   1.2240596e-01  -2.4675649e-01   2.0343370e-02
  -2.3388663e-02   5.6675546e-02   6.5292796e-03  -2.4317082e-02  -1.0126742e-01  -5.3641417e-03   2.4139696e-01  -1.9225835e-03
  -5.1083245e-02   5.6795133e-02   4.3794928e-02   1.0212459e-01  -2.0260319e-02  -3.2177832e-01   3.1582078e-01  -4.1068191e-02
  -3.8054610e-02  -8.1786245e-04  -3.6491362e-02   3.7011753e-02  -1.5888986e-01   2.2633469e-01  -2.6056467e-01   4.5673828e-02
   2.5493715e-02   5.3991539e-02   1.2851579e-01   2.4378559e-01  -2.6803619e-01  -3.2847673e-01  -6.6170891e-02   8.9072166e-02
   7.6921061e-02   3.3497176e-02   5.4755951e-02   3.1930622e-02   4.0653629e-03  -1.7145740e-01  -1.3543613e-01   2.3692376e-02
  -5.6060540e-02  -4.2762848e-02  -1.3555944e-01   1.0064665e-01   4.9462047e-02  -7.4325464e-02  -9.5512694e-02  -1.5535514e-01
   7.2935249e-02  -9.0559836e-03   4.0240733e-02   1.2908819e-01  -1.2993236e-02  -1.5226560e-01  -1.1086150e-01  -2.7173100e-02
  -1.1117171e-02   4.1941979e-02  -1.4169559e-02  -5.2202598e-02   4.1437613e-01   3.7144464e-02  -1.5268793e-01  -2.8886341e-02
   2.9101820e-02  -4.4240727e-02   6.0581179e-02  -1.5688660e-01   5.5607135e-01   1.0139337e-01  -1.2783838e-01   1.1992159e-01
   3.7954012e-02  -5.3435968e-02   3.5009769e-02   2.5027757e-01  -1.5421753e-01  -2.6847015e-01   4.7492467e-02   7.7375103e-04
  -2.5370464e-01   7.0268895e-02  -1.1781891e-01  -4.5128866e-02  -1.1316222e-01  -1.5173755e-01   2.8770750e-01   1.3118146e-02
  -3.6167493e-04   1.9860544e-02  -1.1975638e-02   5.2926682e-02   6.5026579e-02   9.9038877e-02   2.6202635e-01   9.2801531e-03
   8.1581437e-02   1.2816006e-01   1.9518627e-02   1.5096202e-01  -2.7027736e-01  -2.5395916e-01  -1.6429817e-01  -6.8120407e-03
   1.1385927e-02  -2.4477209e-04  -3.4413969e-02   4.0531041e-02   3.6966383e-01   3.1303664e-02   9.7719706e-02   1.3720270e-02
   1.2771801e-01   1.0283165e-01   1.5932367e-01   4.4476919e-01  -4.0959194e-01   1.0517146e-01  -1.8832267e-01   1.1440814e-02
   3.9438993e-02   3.2340516e-02   3.0550907e-02  -9.6423740e-02   1.5852457e-01   9.9836111e-02  -3.6567495e-01  -6.6985617e-02
  -1.0695954e-01  -9.9163152e-02  -1.1372668e-02  -3.8208344e-01   2.8724831e-01   4.1366312e-01   1.7643740e-02  -1.0120589e-01
   6.1063363e-02   4.5330392e-02   1.0537452e-01  -9.2898895e-02   1.2110777e-01   1.6949393e-02   1.9137574e-01   8.4807126e-02
   8.0906153e-02   8.8316950e-02   4.3204594e-02  -6.6311002e-02   5.1418406e-02   1.4792850e-02  -3.7512225e-02   6.7396434e-02
  -4.3342811e-03  -6.2222286e-02  -4.7891172e-03  -2.1198679e-01   4.4878044e-01   2.7754278e-01  -3.7755900e-02  -2.4574607e-02
   3.3684802e-02   1.3487785e-02   1.0602329e-03  -1.5459379e-01  -1.5570858e-01   1.1178524e-01   2.2142913e-01  -9.2341885e-02
   7.5124385e-02  -2.0693881e-02   1.0555223e-01  -6.3941501e-02  -3.7574081e-01  -1.1694433e-01   2.4454326e-01  -2.2364915e-02
  -6.3522365e-02   1.9981820e-02  -9.1762498e-02  -9.7887531e-02  -1.6056207e-01   6.0856501e-02  -2.3639407e-01   2.2855330e-02
  -2.3632262e-02   5.6098164e-02   1.0319406e-01   3.2481253e-01   2.5920147e-02  -5.7597907e-01  -1.1298200e-01   3.8047557e-02
  -1.4960036e-02  -4.9478867e-02  -8.4918799e-02  -3.1947209e-02  -7.9752746e-03  -1.2343711e-01  -7.1334572e-02  -6.7243949e-02
  -6.3371782e-03   3.0442857e-02  -4.1764866e-03   8.6275535e-02  -1.2520937e-01  -1.2243054e-01  -2.5624202e-01  -7.6580307e-03
  -2.6670956e-02   5.9436223e-02  -1.1039309e-02   4.8026720e-02   1.3910463e-01  -1.6826472e-01  -9.7205288e-02  -2.7435007e-02
   4.1716856e-02  -2.5376286e-02   3.7273250e-02  -1.9535383e-01   3.6234643e-01   1.6488915e-01  -1.3974248e-01   5.0873162e-02
   8.4472794e-02   1.5083588e-02  -1.4774510e-02  -1.8503725e-01   6.6497789e-01   1.7044050e-02  -2.9639187e-01   3.1568214e-02
  -1.5579592e-02   1.0138441e-02  -8.3819854e-02   3.3524859e-01  -2.4240107e-01  -1.6078708e-01   3.1872384e-02   1.0040058e-02
  -1.0718566e-01  -2.6594947e-02   9.1222093e-02   1.2991101e-01  -2.8358712e-01   8.1812542e-02   1.3374042e-01  -1.6140577e-02
  -2.7708505e-02  -2.8662674e-02  -4.4298899e-03  -1.7257471e-01  -1.4126117e-01  -1.2269858e-02   1.3538047e-01   3.5442041e-02
   4.1346401e-02   7.9865636e-04  -5.7836788e-02   1.4745743e-01  -2.2461051e-01  -3.2843115e-01  -2.4038280e-01  -2.1305892e-02
  -4.9713985e-02  -4.2961137e-02   2.4564348e-03   2.5505279e-02   2.6832411e-01  -1.4765795e-02   2.1796112e-01   1.9898624e-02
   5.4916299e-02   9.4665719e-03   1.3106238e-01   2.4638730e-01  -2.2933907e-01  -2.7817728e-01  -2.2169074e-01   1.9123293e-02
   3.1531896e-02  -1.4433776e-03   5.7246721e-03   9.2832060e-02   2.2576927e-02   1.3310563e-02  -2.8096598e-01   2.7016312e-02
  -1.3787798e-01  -8.0892665e-02  -1.7112071e-01  -4.6709674e-01   3.4972836e-01   2.6521113e-01   1.4245105e-01  -9.2595826e-02
   8.6191653e-02  -4.9921287e-02   1.1972141e-01  -2.0311918e-01   1.1795442e-01   2.6041490e-02   2.4533301e-01  -4.5039226e-02
   3.5807067e-04   7.8163277e-02   3.6480590e-02   9.8970854e-04   1.3773686e-01   3.7328758e-02  -8.7048727e-03   1.1005516e-01
  -3.0393344e-02  -4.2502334e-02  -9.4057030e-02  -7.3458989e-02   4.2423622e-01   1.5070055e-02  -1.3569165e-01  -9.2983105e-02
   1.4845859e-03  -7.5116992e-02  -9.5616312e-03  -1.2121135e-01  -9.1418783e-02   2.0394718e-01   3.1453989e-02  -2.9827552e-02
   5.1742651e-02   3.5826707e-02   3.1895850e-02  -2.8411469e-02  -2.2773981e-01  -8.5046222e-02   3.4316726e-01   6.6475817e-02
   5.2185167e-02   5.2654486e-02  -1.6787257e-02  -1.6324621e-01  -2.7028457e-01   1.5752766e-01  -3.4482273e-01  -3.8164454e-02
   3.6774412e-02   7.6576064e-03   1.5926019e-01   3.7894791e-01  -2.2708364e-02  -4.1393076e-01   4.8115367e-02   3.3744874e-02
  -6.8558260e-02  -2.5839432e-02   7.1926587e-02   7.5156748e-02   2.6001698e-01  -9.3718393e-02   3.6119820e-02  -5.8333854e-02
   6.4894107e-02   1.6330293e-03   5.7833481e-02   5.4408464e-02  -1.2278698e-01  -1.6502225e-01   2.3861677e-02  -5.1179873e-02
  -2.5245312e-02   2.2820128e-02   4.5478793e-02   1.4790027e-01  -1.8142734e-02  -2.0228877e-02  -3.1634547e-02  -4.3823977e-02
   2.8820157e-02   5.2450935e-02  -6.0606875e-02  -1.9766628e-01   2.8833242e-01   2.7136607e-01  -4.5105747e-02   6.3261110e-02
  -1.1353082e-02   2.4952313e-02   3.8947362e-02  -7.7426353e-02   8.3565237e-01  -5.4169634e-02  -5.1436507e-01   6.6867457e-02
   3.6448204e-02   6.6596985e-02   3.0007536e-02   3.2944654e-01  -2.6928989e-01  -2.6515335e-01   1.8832929e-01   3.7284944e-02
  -6.6163106e-02  -3.5929766e-03  -3.3732746e-02   4.3325222e-02  -2.4314650e-01   1.0870015e-01   2.6399821e-01  -2.9016457e-02
  -1.6563580e-02   5.8475191e-03   1.3269664e-02   3.8890437e-02  -6.9227656e-03   3.3269326e-03   1.2376456e-01  -6.9183415e-02
  -6.1126603e-02   1.5496351e-02   1.1204333e-01   9.8433739e-02  -4.2174475e-01  -2.1788538e-01  -2.2244321e-01   7.6346861e-02
   1.2989828e-02  -1.7388120e-02   9.4187781e-03   6.5485421e-02   4.3084108e-01   1.3743653e-02   1.4086965e-01   3.7701906e-02
   1.6220093e-01  -4.6723124e-03   1.0830327e-01   3.3747049e-01  -3.6928121e-01  -8.6605963e-02  -2.3008779e-01   1.9646747e-02
   2.1095987e-02  -1.2418698e-03   2.5508779e-02  -1.0227575e-03   1.1795336e-01   5.0413603e-02  -4.6936289e-01  -1.3960230e-02
  -1.2987996e-01  -1.1299347e-02  -1.1799278e-01  -2.1090569e-01   3.1922811e-01   2.5445127e-01   2.3826885e-01  -5.7740926e-02
  -2.9380024e-02  -6.9848048e-02   3.6072881e-02  -5.6189519e-02   3.4532681e-01  -2.8412458e-01   9.5100240e-02  -4.7013590e-02
   8.0279467e-03   7.0379944e-02   2.1530422e-02  -1.8425119e-02   1.0137747e-01   1.6291670e-01  -6.6868937e-03  -2.9956900e-02
  -6.0819317e-02   1.0761860e-02  -5.9682702e-04  -2.1982134e-01   5.9150348e-01   4.1636764e-02  -2.0863908e-02  -1.1195636e-01
  -6.4982565e-02   9.9614730e-02  -8.6925408e-02  -1.6321075e-01   1.5555974e-01   8.8666940e-02   1.7579851e-01  -3.4092156e-02
   7.2873157e-02   6.8806381e-02   1.3079315e-01   1.6017293e-01  -1.7615533e-01  -1.1575241e-01   1.6305060e-01  -2.3606088e-02
  -1.4972427e-02  -6.5258329e-02   9.3302482e-02  -2.0057133e-01  -2.9580583e-01   1.6948655e-01  -8.8785031e-02   5.3233573e-03
   6.8303995e-02   4.5693660e-02  -1.5208335e-02   3.9694195e-01  -6.1954370e-02  -4.8393900e-01   3.2489683e-04   6.8018142e-02
  -2.0387097e-02   8.9634127e-03  -4.0610963e-02   9.0168417e-03  -3.2718086e-02  -1.5897719e-01  -1.7751222e-01  -3.9955860e-02
   2.3810979e-02  -6.1570137e-03   1.5403132e-02   1.7078135e-01  -2.5152547e-01  -5.4975558e-02  -8.0129614e-02   6.2704400e-02
   3.5514660e-02   1.3891430e-02  -8.5907079e-02   4.9429671e-02  -1.8705683e-01  -4.1884538e-02   7.1533728e-02   3.6137394e-02
   4.5296224e-02   3.3161690e-03   3.2991418e-02  -2.3332106e-01   3.4858241e-01   2.4119586e-01  -2.4955223e-01   1.7926296e-02
   1.4451877e-01   2.3616062e-02   5.2930327e-02  -2.1299919e-01   7.9126726e-01   9.2715251e-03  -3.2809855e-01   8.7530475e-02
  -2.1145167e-02   5.1907510e-02   1.0236795e-01   2.8794563e-01  -3.6507783e-01  -4.6697507e-01   1.9074934e-01   5.3118519e-02
  -4.4367589e-02   1.0146212e-01  -1.1549381e-01   2.6837242e-01  -1.6364251e-01   3.0362552e-01   2.7788070e-01  -4.4727793e-02
  -4.4857589e-02  -6.8173109e-03  -7.9702731e-02  -1.1003634e-01  -9.4693628e-02   1.3875596e-01   3.9724486e-02   2.2680422e-02
  -1.6090473e-02  -1.1386210e-01   1.0552000e-01  -7.2683939e-03  -3.8642702e-01  -5.7556047e-02  -6.4224630e-02   1.1929778e-02
  -1.3624781e-02   4.1850092e-02   4.5173339e-02   1.3989913e-01   5.1324308e-01  -5.3934991e-02   3.5675223e-02   1.6709762e-01
   8.4367249e-02   6.3481194e-02   1.4763452e-01   2.0949243e-01  -3.1168950e-01  -2.1832497e-01  -1.4801802e-01  -6.6679142e-03
   3.2787169e-02  -1.0676514e-02   4.3367812e-02  -1.6801128e-01   1.9154562e-01   9.5583926e-02  -4.0913161e-01  -2.9397228e-02
  -4.5671634e-02  -2.0824808e-03  -8.5747196e-02  -3.2408720e-01   2.8749567e-01   8.3979312e-02   1.7191081e-01   5.4408571e-03
   1.1416738e-01   3.3571450e-02   4.9529606e-02  -8.1115177e-02   4.0635657e-01  -2.8819417e-01  -6.3279468e-02  -1.9174721e-02
   8.9507069e-02   1.0424664e-01   1.3497893e-01   1.1231290e-01   1.7596242e-01  -6.4352707e-03  -1.2995170e-01   7.9263757e-02
   1.6550512e-02   1.2804690e-02  -1.5065930e-01  -2.7404441e-01   4.9192724e-01   9.0796972e-02  -8.2854282e-02   2.3052446e-03
  -9.5069008e-03   4.5643214e-02   1.6635737e-03  -8.6078636e-02   1.0870865e-01   1.9959382e-01  -9.0152519e-02  -7.7961459e-03
   4.0272222e-02  -3.0136431e-02   1.1814759e-01   2.5948968e-01  -9.2948370e-02  -8.6605717e-02   6.5108720e-02   1.2106565e-01
  -8.6412979e-02  -8.6462282e-02   6.0249128e-02  -2.9730761e-01  -3.8864062e-01   3.8217642e-01   2.5563496e-02   5.3441460e-02
   1.0125284e-01   4.9617399e-02   1.1520257e-01   3.2222274e-01  -1.0033190e-01  -4.4305500e-01   2.6011881e-01  -6.2492741e-02
  -8.0657391e-02  -4.5800577e-02   1.6362698e-02  -1.1637404e-02  -1.8547622e-01  -1.2156356e-01  -4.7716383e-02  -4.7797473e-03
   3.6433781e-02  -2.3017180e-02   2.6069025e-02   1.1905827e-01  -1.4718304e-01  -4.1312521e-02   1.7784889e-01   2.2439580e-02
  -4.3773531e-02   1.2787751e-02   5.9990006e-03  -8.7115225e-03   1.6914659e-02  -4.3087669e-03   3.5659284e-02  -1.8171547e-02
   7.9839326e-03   2.9580639e-03  -4.6716521e-02  -3.2777932e-01   4.1014578e-01   1.9670564e-01  -1.6725155e-01  -3.8088987e-02
  -5.5004634e-02   5.4617563e-02  -4.2603323e-03  -8.9020036e-02   4.7373243e-01   1.1881021e-01  -2.9091517e-01   1.1277748e-01
   1.5056901e-02  -4.6055367e-02   2.9923408e-02   1.9880636e-01  -4.8064816e-01  -2.6056618e-01   3.8539312e-01   7.6816005e-02
  -6.2555620e-02   4.8318071e-02   6.1599211e-02   1.4438557e-01  -1.4078381e-01   9.5395998e-02   1.2185886e-01   2.7760664e-02
  -1.1070909e-01  -8.5630412e-02  -8.1935333e-02  -7.5464656e-03   7.7244858e-02   6.2517924e-02   1.5040364e-02   2.5912307e-02
   8.0020612e-02  -4.3803511e-02   1.8359974e-01  -4.2412974e-02  -5.3759905e-01  -4.9340883e-02   1.3387685e-01   9.3177503e-02
   2.6219042e-02   5.5201132e-02  -1.1433233e-03   2.0940354e-01   3.6954248e-01  -8.8741941e-02  -2.1842598e-01  -2.8044858e-02
   1.4734137e-01   1.5265030e-02   2.9492906e-01   8.1057221e-02  -3.5805919e-01  -1.3916434e-01  -4.0171817e-02  -1.7037152e-02
  -2.4828867e-02  -6.7088690e-02  -5.3229380e-03  -1.9369143e-01   2.5650158e-01   1.5721132e-01  -5.0477176e-01  -5.5763425e-02
  -1.1395604e-01  -1.6219010e-02  -2.7053945e-02  -6.4720102e-02   1.2217898e-01   1.1839007e-02   5.1411616e-02  -3.5461389e-02
  -5.3573158e-02  -2.9751368e-02  -1.2694477e-01   3.7772677e-02   5.9519692e-01  -3.9500931e-01  -5.2572683e-02  -1.0456778e-01
   8.2554173e-02   9.7800305e-03  -4.3919980e-02   1.5439711e-01   2.1318446e-01  -4.1862868e-02  -3.4439910e-01   3.8519669e-02
   1.1432271e-02   4.4736196e-02   1.5145087e-02  -4.6607152e-02   3.5721939e-01   9.6400049e-02  -5.6143461e-02  -7.8244289e-03
   2.5760260e-02  -3.7630513e-02   4.8755111e-02  -8.3094601e-02   2.3728420e-01   5.1744335e-02  -8.9065493e-02   9.0217336e-02
   9.3908337e-02   4.4799120e-02   1.3543460e-01   1.4571148e-01  -1.0299111e-01   5.2140090e-02  -8.9918272e-02   6.0932411e-02
  -1.4196291e-01  -1.3595194e-01  -1.1003659e-01  -3.4201200e-01  -4.3631805e-01   2.8074282e-01   1.7662980e-01  -4.7035451e-03
   1.1731605e-02   3.0026009e-02   9.2194504e-03   3.0829918e-01  -1.6724537e-01  -4.4046994e-01   1.4041035e-01   1.1448355e-01
  -5.8019946e-02   4.3275410e-03  -6.8878689e-02   1.6317434e-02  -2.3712921e-01  -1.3357005e-01  -3.1858233e-05  -5.3922070e-02
   1.0973840e-02   5.7194911e-02   3.1293053e-02   1.1123939e-01  -3.1727135e-01  -1.1560868e-01   3.2140662e-01   5.2943314e-02
   3.6485998e-02   9.6833208e-03   1.5326151e-01   1.6403483e-01  -6.3616772e-02  -1.6113496e-01   2.0541055e-01   7.6215860e-03
  -1.8820311e-02  -3.1654097e-02  -1.3034106e-01  -4.3340925e-01   3.6053000e-01   3.8749232e-01  -9.4389233e-02  -6.5518479e-03
   5.4715581e-02  -2.6919871e-02   4.3105651e-02  -7.4800154e-02   3.8538950e-01  -5.4280140e-02  -3.5497849e-01  -4.2288883e-02
   1.3104127e-01   8.2808901e-02   2.0584880e-01   3.4591076e-01  -4.1909037e-01  -1.3793453e-01   2.5400000e-01   6.9266964e-02
  -2.7694619e-02  -6.4240501e-02   3.9318285e-02   3.4829172e-01  -5.8026889e-02  -1.7418329e-01  -1.9261216e-01  -2.3754658e-02
  -8.2406545e-02  -1.5044620e-02  -1.1250770e-01  -1.8569481e-01   1.2512345e-01   2.0963872e-01   6.4564292e-02  -3.4149589e-02
  -2.6797162e-03   5.1679956e-03  -3.6620483e-02   1.5020408e-02  -3.5892196e-01   5.2199347e-02   2.0844796e-01   3.8823801e-02
   2.0310399e-02  -1.1899795e-03   9.4986324e-03   3.0905008e-02   1.6089365e-01   3.5512440e-02  -7.6544740e-02   7.9306687e-02
   1.0335658e-01   5.7017211e-02   1.4605374e-01   1.7049024e-01  -1.6355406e-01  -2.3304854e-01  -4.1320638e-02   4.9156614e-02
   1.9146073e-02  -4.4632546e-02   7.7473165e-02  -1.1250852e-01   4.8921221e-01   1.1070133e-01  -6.9574714e-01  -1.0179892e-02
   3.5710056e-02   3.6910528e-02  -1.7571803e-03   1.9172749e-02   2.8976396e-01  -3.4913717e-02   1.3643468e-01   2.7420299e-02
   7.1460768e-03  -6.0057147e-02   8.6185232e-02  -2.1327718e-01   5.3042930e-01  -3.7682322e-01  -7.7232840e-02  -8.5169528e-02
   6.6622698e-02   6.5835365e-02   1.2701586e-01  -2.0525916e-02   3.7359994e-01  -2.6913555e-02  -5.2641108e-01  -7.4933467e-02
   6.7935852e-02  -1.1428978e-02  -8.1341492e-02   2.1572833e-02   2.6081770e-01   1.8622582e-02   9.3636503e-02  -4.4357998e-02
  -1.1985749e-02  -2.1539222e-02  -3.3492126e-02  -1.5874108e-01   2.7019218e-01   1.4869850e-01  -1.6811642e-01   8.9228512e-03
   5.1368618e-02   5.7344372e-02  -2.1753243e-02   1.5047849e-01  -1.7016548e-01  -4.2573765e-02   1.1631574e-01   3.9797605e-02
   1.9148092e-02   4.6692841e-02  -9.1630111e-03  -2.5988602e-01  -2.8462297e-01   3.1821023e-01   2.8710829e-02   5.6327449e-02
  -1.6267341e-02   4.6865297e-02   5.8256400e-02   4.0152859e-01  -7.4927060e-02  -4.9006428e-01   1.2417625e-01  -3.3548159e-02
  -9.4337028e-02  -2.0993591e-02  -5.0086426e-02  -3.5005718e-02  -2.8501301e-01  -4.9865011e-02   2.9670900e-02  -3.5847688e-02
   9.2888067e-02  -2.5943900e-02   9.9910348e-02  -1.0972778e-01  -3.9240473e-01   1.4046075e-01   4.0220748e-01   7.8882385e-02
   2.5127219e-02  -5.8932596e-03   1.3905501e-01   2.2185102e-01   3.0188088e-02  -1.8657336e-01   8.2157622e-02   5.1970990e-02
  -1.0064241e-01  -6.5378949e-02  -1.1500046e-01  -4.1895201e-01   5.3471753e-01   3.3980441e-01   8.1490409e-02  -8.3714559e-02
   1.2499470e-01   1.4084126e-02   1.1281312e-01   6.9772459e-02   5.3149197e-01  -1.1943932e-01  -4.2448379e-01   3.3708757e-02
   1.7455070e-01   7.9258879e-02   1.8012667e-01   3.5030122e-01  -5.5454482e-01  -2.8047764e-01   3.9226409e-01   6.2503050e-02
  -3.2219682e-02   3.7118398e-02   5.3788401e-02   1.9720771e-01   1.6392869e-02  -2.1417412e-01  -1.1863785e-01  -9.3404969e-03
  -2.2773559e-02  -1.7337794e-02  -9.3172825e-02  -7.9661087e-02   1.4884782e-01   2.7607418e-02   1.8728380e-01  -4.1140174e-02
  -1.8224055e-02   3.9803769e-02  -4.7658789e-02  -2.7676775e-02  -6.7202161e-01   1.9428441e-01   2.3181181e-01  -1.8553082e-02
   5.5551552e-02   5.0113290e-02   8.0218211e-02   1.7870069e-01   2.2157145e-01  -1.0500616e-01  -2.4621075e-02   5.6411109e-03
  -3.4293622e-02   1.2464865e-01  -5.2640399e-02   3.2066227e-01  -4.5523022e-01  -1.3850730e-01   8.5680412e-02  -5.5652589e-03
  -1.6800649e-02   1.3405015e-02  -9.4819015e-03  -1.7901415e-01   3.6894359e-01   2.2004856e-01  -5.4524750e-01  -3.7915989e-02
  -6.2004124e-02  -8.0717956e-02  -6.3916244e-02  -8.4286982e-02   4.0933119e-01  -6.0767326e-02   8.1051022e-02  -9.3851997e-02
  -1.1111004e-02  -4.0485553e-02   7.7657701e-02  -7.9760391e-02   6.2922023e-01  -5.8649920e-01  -3.0162222e-01  -9.1736530e-02
   6.8193898e-02   2.5602335e-02   4.8305388e-02   2.1265107e-02   6.5059054e-01   2.5316954e-02  -6.4421900e-01   7.1073381e-02
   1.1590963e-02   2.9005936e-02   1.7209759e-02  -6.4702313e-02   2.4111403e-01   7.2456071e-03   1.9427077e-01   1.3365070e-01
  -1.5462274e-02   8.8067106e-02  -2.6734983e-02  -1.4708081e-01   4.3765545e-01   1.2172665e-01  -3.0904250e-01   1.0106898e-01
   5.0960693e-03   8.4937455e-02   8.3469643e-02   9.6694074e-02  -3.9202098e-01   8.4801376e-02   5.1061414e-02   7.0013930e-03
  -1.0560688e-01  -2.9056062e-02  -4.9458175e-02  -2.2303960e-01  -4.5404986e-01   3.4770900e-01  -1.2132998e-01  -6.6596461e-02
   9.5151120e-03   5.1841873e-02   1.3252139e-01   2.2624492e-01  -1.6007299e-01  -3.3695579e-01   2.8273223e-01   7.4535477e-02
  -1.2801090e-02   1.5580492e-02  -4.3447578e-02  -6.2255071e-02  -2.5627991e-01   1.7135688e-01  -1.3647986e-01  -7.2449045e-02
  -1.0416559e-02   5.2676583e-02   2.8271008e-02  -8.7366780e-02  -4.0848433e-01  -4.2792644e-02   4.7708412e-01  -3.8772076e-03
  -1.3907973e-02  -3.7868173e-02  -7.4773572e-03   1.7890184e-01   1.4770262e-01  -2.2975116e-01   1.4059998e-01   7.5754337e-02
  -1.2108852e-02  -1.9434662e-03  -1.0764032e-03  -3.1209934e-01   8.3665070e-02   5.6574039e-01   1.2889161e-02  -2.9750743e-03
   4.2431999e-02  -4.5274202e-02   4.4017671e-02  -1.9474053e-02   4.2948794e-01  -3.9585877e-02  -6.5738118e-01  -4.9539240e-03
   1.3272825e-01   1.3320688e-01   1.8272645e-01   4.4294260e-01  -6.0790604e-01  -2.1087330e-01   5.2373032e-01   8.2805161e-02
   2.7154559e-02  -5.7256821e-02   2.4638616e-01   2.2253572e-01   8.5065293e-03  -3.0100663e-02  -1.5923722e-01   3.1089249e-02
  -4.7799133e-03   2.2373908e-02  -8.2329058e-02  -7.6653624e-02  -3.2818490e-02   2.7171616e-03   7.1563013e-02   9.4753898e-03
   1.1658650e-02   6.5041608e-02  -7.7208995e-02   1.1587457e-01  -4.5077649e-01   1.5307701e-01   2.7513605e-01   1.2119828e-02
   1.2092086e-02   3.8647660e-02  -1.1891123e-02   6.7640436e-02   3.2230427e-01  -2.1911543e-01  -2.2095056e-01   1.1507871e-02
   6.7435385e-02   1.1565695e-01   3.8263962e-03   4.4388967e-01  -4.7250000e-01  -4.5924393e-02   2.7710264e-01   7.3052237e-02
  -1.3673307e-01  -1.0518331e-01  -8.9499532e-02  -4.0434707e-01   4.3554795e-01   2.6973508e-01  -4.1596146e-01  -1.0769581e-02
   2.1494976e-02  -1.6788234e-02   4.8614102e-02   1.1323434e-01   3.6855214e-01  -5.1076642e-02  -3.2970709e-02   4.4366694e-03
  -2.0638242e-01  -9.3142929e-02  -1.5779837e-01   5.9022996e-02   1.0378918e+00  -6.4442478e-01  -1.5956932e-01  -2.7121249e-02
  -1.1811749e-02  -7.7673841e-02   1.3487525e-02  -9.6714526e-02   4.9667344e-01   5.8393968e-02  -7.3069511e-01   3.8128255e-02
   4.5102580e-02  -1.2454649e-03   7.0555551e-02   3.5787919e-02   2.0104105e-01   2.0087004e-02  -9.4685509e-02   7.7065153e-02
  -7.9752342e-02   1.3731472e-02  -7.7988117e-03  -9.7582471e-02   5.2174101e-01  -5.9707616e-02  -3.0617803e-01  -3.2812741e-02
  -3.9617253e-02   2.7045916e-02   2.9205766e-02   1.3470704e-01  -5.7386999e-03  -2.2166062e-01  -4.0300263e-02  -5.3921922e-02
  -1.2109027e-01  -3.1929986e-02  -2.1606461e-01  -3.0143407e-01  -4.1367866e-01   4.1098260e-01   3.3111520e-02  -2.8374064e-02
   1.2305192e-01   7.3813584e-02   1.5236586e-01   3.3682468e-01  -2.8261640e-01  -3.8830355e-01   3.2987409e-01   9.0457966e-02
  -6.4277012e-02  -2.4054042e-03  -1.8729998e-02  -2.9498027e-01  -1.6015531e-01   6.6873961e-02   7.2879548e-03   1.4949900e-02
   9.7765130e-02   5.7582296e-02   1.9913715e-02  -1.0236855e-01  -5.9806924e-01   2.8872013e-01   6.2293454e-01   9.4154780e-02
   2.4485370e-02   4.5685760e-02   4.1273040e-02   9.8454892e-02   1.2884655e-01  -6.6458316e-02   5.9653574e-02   2.3250765e-02
  -1.9716627e-01  -5.4940442e-03  -1.0002114e-01  -3.0185562e-01   4.0525731e-01   1.2178788e-01  -4.1106926e-01  -1.3079732e-01
   4.9228375e-03  -1.0322254e-01   1.9553128e-02  -8.8298716e-02   4.6644855e-01  -9.9153824e-02  -7.7782941e-01  -4.4396928e-02
   1.5524648e-01   1.0226457e-01   2.4064758e-01   2.8024266e-01  -5.2583310e-01  -3.4159146e-01   6.6139635e-01   1.5668420e-01
  -1.8615686e-03  -3.2881210e-02  -3.1530503e-03   1.6326072e-01   1.8887113e-01  -4.2388132e-01  -2.9090215e-01  -4.9942906e-02
   5.7776782e-02   3.2484143e-02   9.5732200e-02  -9.6891746e-02   1.5474625e-02  -1.5195945e-01  -4.6034509e-03  -4.2731587e-02
   1.0587128e-01   1.3432282e-02   1.7214136e-02  -3.1518753e-02  -2.7824129e-01   1.0945254e-01   6.4429494e-01   1.7783802e-04
  -5.6038435e-02   1.0644951e-02  -6.2763852e-03   4.9235794e-03   3.7405519e-01  -6.5940960e-03  -5.4318684e-01  -2.8047140e-03
   1.4716975e-01   1.1852696e-01  -2.9574912e-03   2.6427443e-01  -2.0661741e-01  -2.4212715e-02   4.8655395e-01   9.2936081e-02
  -6.9534245e-02   2.1913367e-03  -8.8943275e-02  -2.5556618e-01   3.6072504e-01   2.2674553e-01  -3.4572034e-01  -1.4653719e-01
  -2.5821806e-02   4.7382408e-02   3.0697287e-02   1.8426747e-01   1.1055478e-01  -2.7961443e-01  -5.0131609e-01  -2.7412282e-02
  -2.9703770e-03   1.8288781e-02   7.8333334e-03   1.1539362e-01   5.8334773e-01  -2.4226065e-01  -2.6457166e-01  -6.0842655e-02
  -2.9582692e-02  -1.6506877e-02  -7.8966509e-02  -7.1792752e-02   4.7020339e-01  -1.4258870e-02  -5.0743880e-01  -8.9230876e-02
  -2.9934512e-03   8.8516780e-02   1.9725336e-01   7.8403364e-02   3.4177036e-02  -1.1214544e-01  -2.8751881e-01   1.0812209e-01
   7.4032696e-02   2.8767665e-02  -1.7194373e-02  -2.4891238e-02   2.3313174e-01  -7.2223635e-02  -2.6170481e-01  -4.2740000e-02
   7.1539567e-03  -6.6460047e-02  -6.6025975e-03   7.6250062e-02   6.4768785e-02  -2.8307883e-01   7.0510787e-02  -2.9962923e-02
  -9.7591111e-02  -3.6924206e-02  -1.5445276e-01  -3.2624205e-01  -2.7100328e-01   7.4206915e-01   3.2312327e-01  -7.0642357e-02
   1.2532265e-01   5.7434129e-02   1.8750594e-01   4.9578095e-01  -3.2948685e-01  -3.0336886e-01   5.0262820e-01   1.1466306e-01
   9.4504370e-03  -9.0933391e-02  -2.3354519e-02  -1.5711709e-01  -1.4603112e-01   9.0434096e-02   1.0797421e-01  -4.8417265e-03
  -5.5852075e-03   1.4509022e-02  -1.4887508e-02   3.4957908e-02  -6.5899718e-01   3.3464422e-01   5.9369526e-01   1.9606383e-02
   9.0091505e-02   2.7572059e-02   2.1085215e-02   2.0464145e-01  -9.6926790e-03  -2.2072539e-01   5.8135195e-03   3.5352450e-02
  -4.1129034e-02  -9.8052113e-04   2.7032272e-02  -2.7360474e-01   4.3700609e-01   2.6313639e-01  -2.3493082e-01  -2.4074080e-02
  -7.4774310e-02  -7.5907344e-03   4.7020428e-02  -1.3457251e-01   5.8010154e-01  -2.6884981e-02  -6.2104038e-01   4.7921500e-02
   2.0703486e-01   1.3504422e-01   9.2855411e-02   3.5415199e-01  -4.0289590e-01  -3.3446039e-01   4.5564134e-01   1.1244270e-01
   2.3074242e-02   2.2538772e-02   3.0949877e-02   3.7192217e-02   1.5736760e-01  -3.9980184e-01  -2.8796324e-01  -2.4679166e-02
   1.3190018e-02  -4.1299038e-02   1.7987967e-02  -9.9032844e-02   3.4792916e-01  -1.9912754e-01  -6.4069030e-02   2.9070488e-02
  -3.1393399e-02   2.3009439e-02  -1.5950979e-03   1.1439732e-02  -4.5184432e-01  -1.0565364e-02   4.1648640e-01   8.0637719e-03
  -4.0354378e-02  -7.0429468e-03  -6.5308906e-03   9.1739467e-02   1.6019994e-01   9.2266606e-03  -2.5834886e-01  -2.0632201e-02
   3.5016598e-02   1.0279758e-01  -5.2614887e-02   3.0142201e-01  -2.5559768e-01   6.8538686e-02   6.0656220e-01   3.6564503e-02
  -1.2601512e-01  -5.4878161e-02  -1.6634600e-01  -4.3297385e-01   5.7517737e-01   2.9610527e-01  -4.9249093e-01   1.4983476e-02
   1.0019588e-01  -2.3686205e-02   3.9758603e-03   8.0053789e-02   8.6732834e-02  -1.5627244e-01  -2.7570252e-01   1.2152072e-01
   2.2434805e-02   3.0070224e-02   1.2161511e-01  -2.1194971e-02   2.7442279e-01  -4.1054674e-01  -6.3924211e-01   3.8380411e-02
   9.5131999e-02  -1.2623232e-02   2.5635735e-02   4.6365666e-03   4.6741034e-01   3.3109210e-02  -4.2099165e-01   4.1524984e-02
   1.2210801e-01   3.5096416e-02   4.3551561e-02   2.2617672e-02   1.5260595e-01  -3.2292700e-02  -1.9822574e-01   3.7834522e-02
  -7.4397048e-02   1.0331329e-02   9.1784072e-02  -6.4267806e-02   3.1174111e-01   1.0791373e-01  -2.7334125e-01   4.8991118e-03
  -1.1139745e-01   3.1895189e-02  -5.1638152e-02   6.9461078e-02  -3.8912265e-02  -1.4649785e-01   1.0893731e-01  -4.9964392e-02
  -1.4058354e-01  -6.6569956e-02  -1.0823223e-01  -3.7524618e-01  -9.4977710e-02   5.4920880e-01   8.4396678e-03  -1.1610214e-01
   1.0453385e-01   2.2618694e-02   2.0361170e-01   4.2363021e-01  -2.9779651e-01  -2.7136683e-01   5.2665278e-01  -3.3826907e-03
  -2.0153942e-02   3.4009043e-02  -7.8430012e-02  -1.2778085e-01  -1.1513099e-01   1.1034356e-01   5.2531790e-02  -5.6707875e-02
   6.0156231e-02   4.3366708e-02   4.7743713e-02   6.0905685e-02  -3.3472478e-01   2.1937797e-01   6.7290076e-01   2.6091493e-02
   5.5137782e-02   8.2741728e-02   1.6122342e-01   3.3870517e-01  -4.8117695e-02  -2.6571176e-01   1.3995312e-01   1.2202555e-01
  -6.4144647e-02  -5.6101406e-02  -9.2006163e-03  -2.0648234e-01   5.3298600e-01   6.7794086e-02  -2.8062816e-01   2.3265130e-02
   1.3143565e-02   5.5796732e-02   7.5342024e-03  -5.4315749e-02   3.3121314e-01   1.3732125e-01  -4.6678272e-01  -1.7540708e-02
   1.8471723e-01   5.1023074e-03   2.1027292e-01   3.6827336e-01  -5.6188409e-01  -2.6269212e-01   4.5385570e-01   8.3274971e-02
   4.4876515e-02   6.4796112e-02   9.3626511e-02   8.2711282e-02   2.4918549e-01  -4.9559543e-01  -1.5595551e-01  -7.6177476e-02
  -5.3303846e-03  -5.0528213e-02   6.3956140e-03  -1.8766117e-01   2.5204465e-01  -1.1317214e-02   7.6659677e-03   6.2036375e-03
   4.4354325e-02  -5.6557166e-02   4.5633392e-02   7.3545398e-02  -3.6202982e-01  -8.0316461e-02   3.2004654e-01   2.1128758e-04
  -4.7235537e-02  -4.8612614e-02   5.2005235e-02   7.0807071e-02   1.0676642e-01  -3.5918252e-02  -1.0928339e-01  -2.7538525e-02
   2.7067491e-02   3.8642315e-02   1.6645653e-02   1.1600598e-01  -4.7944526e-01   1.7577245e-02   4.9124551e-01   5.0150837e-02
  -7.1699913e-02  -5.4127833e-02  -6.9098529e-02  -2.4230559e-01   4.3378859e-01   1.5507784e-01  -2.7030193e-01  -7.9694218e-02
   4.1296101e-02  -4.2691545e-02   8.9366299e-02   1.9580752e-01   1.9030637e-01  -1.7975969e-01  -4.4546615e-01   5.5270155e-02
   9.3874997e-02  -4.9405143e-03   1.1074620e-01   8.8343270e-02   4.0182421e-01  -2.0036092e-01  -4.8315521e-01   9.3211245e-02
   6.1699550e-03   5.4322437e-02   2.0170872e-02  -5.9094666e-02   3.4888430e-01   8.3148692e-02  -3.8268052e-01  -2.3170951e-02
  -4.1010915e-03   5.9305800e-03   3.6953097e-02   7.8265896e-02  -4.0587512e-02  -1.1986767e-01  -2.0960502e-01   9.9669566e-03
  -4.2539797e-02  -8.9347697e-03  -1.0304710e-01  -2.5462544e-01   2.0905244e-01   1.3641087e-01  -4.2872392e-01  -5.0481685e-02
  -1.8187068e-01   3.1614466e-03  -1.0847620e-01   5.8322856e-02   1.5085841e-01  -8.5580890e-02   2.6847420e-01  -1.4562514e-02
  -6.4540160e-02  -1.3268016e-02  -1.0716182e-01  -4.7110404e-01  -2.0890262e-01   5.2778809e-01   1.1609775e-01   3.0795052e-03
   8.5834664e-02   7.9499746e-02   1.0399681e-01   3.9155727e-01  -2.2073215e-01  -3.7206702e-01   4.0800728e-01  -1.1246606e-02
  -1.6709800e-02  -5.5318281e-02  -4.6205768e-02  -1.2493558e-01  -3.0551465e-01   1.1229494e-01  -4.6602177e-03  -7.8882525e-03
   1.3123644e-03  -3.5433784e-02  -8.0012907e-02   5.5547136e-02  -1.9849895e-01   8.7987446e-02   6.6985380e-01  -3.1547083e-02
   9.8711166e-03   5.8757702e-02   2.2214405e-02   2.7482732e-01  -7.4956443e-02  -2.0925435e-01   4.0276349e-02  -6.2568629e-03
  -1.1152392e-02  -1.1610830e-02  -8.5062937e-03  -7.2715347e-02   3.2537632e-01   1.9145231e-01  -6.1106916e-01   1.6498886e-02
   4.6019399e-02   3.6866715e-02   2.2429401e-02  -5.9152337e-02   1.6655977e-01   5.9364654e-02  -7.1144217e-01   9.2922320e-02
  -2.6760428e-02  -6.5304050e-02   1.9204606e-01   1.3995445e-01  -4.9605671e-01  -2.5082980e-01   4.9387642e-01   5.9419052e-02
  -7.7733201e-02   6.8584971e-02  -1.6299931e-01   1.8994095e-01   2.7360082e-01  -2.1928113e-01  -1.6468020e-01   7.3106953e-02
  -3.4548500e-03   1.8426511e-03  -3.6932482e-02  -1.4109890e-01   9.8772888e-02   8.5552192e-02  -1.1880631e-01  -1.6270832e-02
   3.3579980e-02   1.9208545e-02   7.3472167e-02  -5.7156802e-04  -2.5789532e-01   6.9368742e-02   5.1789713e-01  -3.2709970e-02
   2.5519193e-04  -6.4490329e-03   8.7481924e-02   7.8289967e-02  -7.1354624e-02  -3.8776203e-02  -3.5463205e-01   4.8111643e-02
   7.7578211e-02  -9.0249574e-03   2.7702062e-02  -5.6432729e-02  -3.1783893e-01  -4.0383627e-02   5.8513385e-01  -6.3853017e-02
  -5.6425528e-02  -5.0045040e-02  -1.0094619e-01  -3.3197426e-01   4.0108026e-01   1.5743900e-01  -6.9825988e-02  -2.5489665e-02
   1.2210693e-01  -2.3492483e-02   1.2198802e-01   1.6589517e-01   1.8630362e-01  -2.4643349e-01  -4.5223307e-01   3.0531828e-02
   3.1649989e-02  -1.0257218e-02   1.1849646e-01   8.9250348e-02   3.3130018e-01  -3.0852574e-01  -4.4619454e-01   5.7373153e-02
  -4.1306664e-02  -3.7805191e-02   3.7180467e-02   2.0499550e-02   2.5069025e-01   5.6447652e-02  -4.9672213e-01  -7.2158013e-02
   7.1735945e-02   6.8204325e-02   9.1744717e-02   1.3028841e-01   4.2564748e-02  -6.0282289e-02  -4.6458286e-01   2.2553645e-02
   6.0470311e-02   1.1915364e-01   5.4320621e-02   3.7221212e-02   6.3864567e-02   2.8735665e-01  -2.4629316e-01   1.1813898e-01
  -1.2487920e-01  -1.4775766e-02   7.2946838e-03  -9.1317845e-02   2.0768109e-01   5.2127741e-02  -7.2731293e-03  -8.2532709e-02
  -9.0908454e-02  -1.0939895e-01  -1.0467945e-01  -5.2596184e-01   1.0822271e-02   3.1410499e-01   2.3716402e-01  -8.8605228e-02
  -9.4137730e-03   6.2732136e-02   6.8537281e-02   3.6387336e-01  -1.6520036e-01  -4.0738195e-01   4.9654609e-01   4.0793370e-02
   2.9526256e-02  -2.7844720e-02  -3.5150452e-02  -1.6501235e-01  -2.3243526e-01   7.3859086e-02   2.6173375e-01  -7.1080278e-02
  -7.7398648e-02  -4.2501142e-02  -2.1408281e-02  -1.1864924e-01  -2.5952395e-01   1.8082112e-01   9.0721175e-01   1.8739388e-02
  -2.1829680e-02   3.0558430e-02  -8.8587280e-02   1.1518473e-01   2.9620578e-02  -7.3961732e-02  -9.1645404e-02   3.3405391e-03
   1.1927865e-01   4.6291414e-02   1.6600670e-02  -1.6281995e-02   1.6493933e-01   1.6986435e-01  -8.6045598e-01   4.6948843e-02
   3.5152395e-02  -8.8583681e-04  -6.3955940e-02   2.6784122e-02  -2.6737524e-03   1.3201744e-01  -6.2411786e-01   1.3254314e-01
   3.5500500e-02  -3.6946859e-02   8.8489355e-02   2.3895815e-01  -3.1661328e-01  -1.7141408e-01   5.0713940e-01  -1.0685069e-01
  -2.0921751e-02   3.7364607e-02   7.6403787e-02   3.2168408e-01   1.0978374e-01   2.2279073e-01  -4.6375585e-02   8.0332006e-02
   6.9035243e-02  -1.1139546e-02   8.5522414e-03  -1.3411042e-01   1.9734217e-01  -1.1195307e-02  -2.0255047e-01   4.8463757e-02
   2.6949308e-02  -4.6255819e-02  -3.0809227e-02  -1.6501568e-01  -2.3898027e-01   1.2841543e-02   6.9038450e-01   1.2251906e-02
   2.3648520e-02   4.2790968e-02  -7.6345493e-02   2.9339687e-01  -2.8810966e-02  -1.8553548e-01  -3.5069525e-01   2.8237654e-02
  -2.1113307e-02  -8.1758702e-03   1.0788273e-01   2.4011981e-02  -2.3315438e-02   3.7578214e-03   8.5377250e-01   7.0929703e-02
  -1.4175383e-02  -2.4463922e-02  -1.0817424e-01  -1.5918087e-01   2.9589618e-01   1.8212511e-01  -9.2968591e-02  -1.0027358e-01
   1.2975581e-01   1.0510450e-01   1.2052315e-01   2.4173418e-01   8.5164967e-02  -1.5050513e-01  -4.0230020e-01   5.3835588e-02
   1.1432396e-01   9.8530995e-02  -1.3484056e-03   6.9499473e-02   1.8501402e-01  -1.7057645e-01  -4.6816506e-01  -1.6597655e-02
  -5.6733928e-02   3.8889788e-02  -1.5771743e-03  -1.0582019e-01   2.5637389e-01   1.4378703e-01  -4.5042158e-01   8.1168419e-02
   5.2099337e-02   6.3640406e-02   8.9263253e-02   1.6498465e-01   7.2648605e-02  -2.1099227e-01  -5.2124765e-01   6.8431068e-02
  -1.9379423e-02   1.2670315e-02  -9.4242558e-02  -2.8769837e-02   2.1015306e-01   1.7589862e-01  -2.3812244e-01   2.5664816e-02
  -8.8063241e-02  -1.2516234e-01   5.4915416e-03  -1.5060721e-01   1.6538034e-01  -2.0823046e-01   2.6284291e-01  -9.0709569e-02
  -1.7756271e-01  -8.7426084e-02  -6.1411467e-02  -5.0060672e-01  -7.6815856e-03   5.0816339e-01   3.6260320e-01  -3.9888224e-03
   2.3626927e-02   4.5290924e-02   2.1733102e-01   3.7514935e-01  -6.0377912e-02  -4.8629328e-01   2.7389594e-01   5.8190237e-02
   1.2953841e-03  -8.2747471e-04   1.3293358e-02  -6.9972882e-02  -8.4440207e-02  -2.0988495e-01   3.0011548e-02  -6.8281013e-03
   3.0517020e-02  -2.5371700e-02   7.1456584e-03  -1.1684492e-02  -1.9519600e-01   8.8996382e-02   6.1487887e-01  -8.4103099e-03
   1.2907721e-01  -9.1763510e-03   4.5985754e-02   1.3391667e-01  -1.1599291e-02  -8.4747180e-03  -8.7689111e-02  -1.5290252e-02
   7.7282199e-02   8.5777098e-02  -2.2831540e-02  -1.8529282e-01   1.4930034e-01  -2.4779327e-02  -7.9865564e-01   9.6194281e-02
   1.3273913e-02  -1.6547716e-02  -9.1892620e-03   2.9960334e-02   2.6583579e-01  -1.2337340e-01  -7.1045390e-01   3.3438954e-02
   5.4306241e-02  -3.9008395e-02   1.5789182e-01   1.7060963e-01  -2.7979069e-01  -4.1488623e-01   2.0512817e-01   6.6673589e-03
   5.5303615e-02   3.2919717e-02   2.0215280e-01   1.6413192e-01   2.6969438e-01  -1.7987035e-01  -1.3152129e-01   1.8395654e-01
   6.8530715e-02   4.6065912e-02  -2.3385649e-02  -1.2245058e-01   1.7093065e-01  -1.2945050e-01  -9.2558815e-02  -3.0864427e-02
   5.2637514e-02  -2.4365190e-02  -1.4836417e-02  -5.7853111e-02  -2.5230182e-01   2.5903258e-01   5.9367604e-01  -1.6928513e-02
  -4.0938297e-02   5.7860538e-02  -1.2226251e-02   1.9872993e-01  -1.6203644e-01  -1.4012746e-01  -4.0113405e-02   7.3730712e-02
   8.7706965e-02   3.8815941e-02   2.1899283e-01   2.3030898e-01  -2.8919923e-01  -3.0271928e-02   4.6386987e-01   4.6044446e-02
  -4.2444161e-02  -7.9113249e-02  -4.8472095e-02  -3.8234541e-01   2.7377006e-01   2.7994292e-01  -1.6380210e-01  -9.2248772e-02
   1.6391838e-02  -1.3146448e-02  -2.0518928e-02   3.3392641e-02  -1.5724239e-01   2.0287049e-02  -5.4832472e-02  -7.8711227e-02
   2.1318224e-02   1.0110419e-01   6.6120018e-02  -1.0354920e-02  -7.9996825e-02  -1.8590571e-03  -3.9612836e-01   5.4568317e-02
  -6.3859136e-02   3.6184962e-02  -4.4381664e-02  -1.1790669e-02   1.3780364e-01  -3.4725738e-02  -2.5855512e-01  -4.5371062e-02
  -1.1286581e-02  -8.0232401e-02   8.9746269e-03   1.8013793e-01   3.0182826e-01  -1.7863319e-01  -3.3731380e-01   4.7005837e-03
  -1.2106367e-02  -4.1688951e-02  -9.9202852e-02  -1.7332333e-01   1.0330784e-01   3.4144389e-01  -1.1332631e-01   9.1832155e-03
  -1.0934146e-01  -3.3615270e-02  -1.0973324e-01   3.6654972e-02   3.5706794e-01  -2.1630704e-01  -2.2552073e-02  -3.4764010e-02
  -9.3046176e-02  -8.6024815e-02  -6.0308956e-02  -4.3432846e-01   1.2308118e-01   3.4073470e-01   3.6976682e-01  -5.4638623e-02
   5.2211506e-02  -1.3345243e-03   1.1438908e-01   2.5716293e-01  -9.9608336e-02  -3.3259238e-01   3.2274469e-01  -4.1738428e-02
   8.5848187e-03  -1.9098321e-02   1.0069278e-01  -8.2468358e-03  -3.4171764e-02  -1.9791098e-01   2.7971574e-02   3.9514694e-02
   4.6205850e-02   2.8939232e-02   6.0737632e-02  -9.3257422e-02  -8.4710744e-02   1.6562720e-02   5.9845602e-01   6.4021814e-02
   3.8900885e-02  -2.3543794e-02   7.7548576e-02  -7.1157951e-02   6.4862178e-02  -1.2308649e-01  -5.6859969e-02  -4.1557256e-02
   9.7168259e-02   3.3170514e-02  -4.2567329e-02  -9.1384178e-02   1.2734238e-01   2.2647360e-01  -6.5743909e-01   4.2597937e-03
   6.9126290e-02   1.4890083e-02  -4.3571578e-04  -3.8064936e-02   3.4129195e-01  -6.9111118e-02  -7.6410022e-01   2.8565702e-03
  -6.0788133e-02  -5.5742956e-02  -2.0894520e-02   4.3817374e-01  -8.4033812e-02  -2.3846808e-01   2.1583138e-01  -4.9372408e-02
   1.1713874e-01  -1.1865763e-02   2.5478346e-02   1.6970704e-01  -4.3814802e-02  -2.7651473e-01  -2.4589277e-01   7.6590820e-02
   3.0093296e-02   6.9071820e-03   9.2168356e-02   2.0210921e-02   1.1127726e-01   3.4378099e-02   2.1109544e-02  -1.1537353e-01
  -4.1854632e-02  -2.5349643e-02  -1.4733966e-01  -1.7533680e-01   3.6577586e-02   1.4669578e-01   6.0202277e-01  -4.4743964e-02
   8.8091270e-02   2.1079483e-02   8.2562231e-02   2.0698467e-01   6.0220119e-02  -2.7257213e-01  -1.2983964e-01   1.5138716e-02
   4.2430350e-02   2.8419809e-03   5.3744477e-02   4.4150981e-01  -1.1660204e-01  -1.2184902e-01   3.2114251e-01  -7.5377422e-03
  -4.2013734e-02  -1.2998365e-02  -5.2633480e-02  -2.3806802e-01   3.3402596e-01   1.4834566e-01  -2.9414345e-02  -9.7860125e-02
  -1.9249030e-02   3.5381421e-02  -7.4202794e-02  -1.5570234e-01   1.0500914e-01   8.4867607e-02   6.4427104e-02  -4.4787403e-02
   8.5124763e-02   4.1140719e-02   1.3681828e-01  -1.0516820e-01  -6.8580870e-02  -1.0148395e-01  -4.2663779e-01   1.1664613e-01
  -3.4851073e-02  -2.9312559e-02  -6.1439055e-03  -8.1938277e-02   1.7917799e-01   6.6074620e-03  -3.3555587e-01   2.2617816e-02
   8.5206611e-02   2.3381740e-02   5.1153331e-02  -1.0994175e-01   7.8444623e-02  -1.0919777e-01  -4.1876580e-01  -2.7964093e-02
   3.0121391e-02  -2.3194123e-02   1.7278593e-02  -2.2562078e-01   1.2356507e-01   1.2509169e-01   8.5977704e-02  -1.8184023e-02
  -9.9685024e-02   2.2644088e-03   4.3626693e-02   2.0358768e-01   2.4064464e-01  -2.9201478e-01  -1.6333302e-01  -4.4670351e-02
  -4.9135816e-02  -1.2219428e-01  -1.8084948e-01  -3.2583140e-01   4.6873510e-02   3.8288871e-01   5.3602818e-01  -1.3040125e-02
   7.4735805e-02   1.0955041e-01   8.2270797e-02   1.2083742e-01  -2.9430818e-01  -1.1323072e-01   2.1628645e-01   2.7406005e-02
   5.2969890e-03  -9.6975056e-03   1.0966772e-02  -2.0608747e-02  -9.5199691e-02  -7.8323508e-02  -1.2262949e-01   9.0054148e-03
   8.5980388e-02   6.2818344e-02   5.4805967e-02   1.3915649e-01  -1.7356135e-01   4.3458547e-02   4.7842988e-01   6.3534927e-03
   8.8654112e-03   4.8096665e-02  -5.8760069e-02  -5.7167648e-02   2.4982693e-02   7.3732498e-02  -2.1756012e-02  -6.3943638e-02
  -1.7329787e-02  -5.8725480e-02  -3.7466569e-02  -2.4195562e-01   4.1824490e-02   4.2981867e-01  -4.5452614e-01   1.1263902e-01
  -4.9942716e-02  -8.1478024e-03   8.0210803e-02  -6.0400976e-02   8.2068842e-02  -1.6953501e-02  -5.4634078e-01   4.9076912e-02
   3.5579275e-02   1.0299156e-02   6.1069381e-03   2.3910792e-01   1.2052699e-01  -4.8002069e-01   2.4978638e-01  -4.8433091e-03
   7.6137740e-02   6.0128814e-02   1.1400918e-01   5.2235211e-02   1.1229139e-01  -2.7053559e-02  -9.0863245e-02   3.7718604e-02
   3.2478871e-02  -1.1671767e-02   5.5511735e-02  -4.1540819e-03   2.4611179e-01  -2.1855684e-01  -5.2954412e-02  -1.5560674e-02
  -8.1931717e-02  -1.3684314e-02  -4.3469169e-02  -1.7112259e-01   2.0605164e-01   3.0957870e-01   5.8706363e-01  -1.2559135e-02
   1.4874114e-02  -1.5313121e-02   1.4425089e-01   3.2530755e-01  -1.3880656e-01  -4.2558249e-01  -2.6386302e-01   7.2338397e-02
   5.5680679e-02   5.9903540e-02   8.5331573e-02   3.6020773e-01  -1.6109368e-02  -1.0174930e-01   4.3348988e-01   3.9976660e-02
  -1.7451305e-01  -8.3126543e-02  -1.1747654e-01  -3.6240192e-01   3.6509770e-01   1.5859183e-01  -2.6209866e-01  -1.1844646e-01
  -4.9495306e-02   1.3927151e-02   6.1640024e-02   2.7685811e-02   7.1421579e-02  -5.9284971e-02  -1.3592805e-01   2.8566721e-03
   1.0943415e-01   1.0960402e-02   1.0926773e-01   7.1240466e-02  -7.2950184e-02  -2.1826354e-01  -5.4708122e-01   6.0168427e-02
   4.9723328e-02  -3.2798836e-02  -2.2226203e-02  -2.7500453e-02   1.8394458e-01  -1.0854473e-01  -2.8320579e-01   3.2559769e-02
  -1.2714630e-02  -6.4146228e-02   5.7059188e-02  -1.9280281e-01   9.2646651e-02  -1.7972486e-01  -5.8684119e-01  -5.2268350e-03
  -6.6242628e-02   8.1651824e-03   4.4829784e-02  -1.2122275e-01   7.0167942e-02   2.5232189e-01   9.6130811e-02  -2.5754225e-02
   1.0984810e-01   3.7511640e-03   1.2784439e-01   1.7263922e-01  -5.8011274e-02  -2.8270623e-01   1.9036029e-01   5.3355941e-02
  -6.3495088e-02   3.8884749e-02  -1.3856859e-01  -5.1868041e-02   8.0100348e-02   5.4509337e-01   7.2483754e-01  -8.2648118e-02
   1.7362305e-01   6.9127534e-02   1.8671308e-01   2.5619338e-01  -1.2484674e-01  -3.5628037e-01   1.8802005e-01  -5.1976151e-03
  -9.3870721e-02   9.6890312e-03  -5.0379190e-02  -5.5789762e-02  -2.9861475e-01   8.5576773e-02  -6.2843997e-02   2.7897814e-03
  -2.2508745e-02   2.8904510e-02   4.2473270e-02   2.5942118e-01   5.1972716e-02  -2.7108061e-02   3.4670123e-01   3.4828832e-02
  -3.2631636e-02   1.1539897e-02   8.2310771e-02  -6.9344709e-02   4.7546337e-02   9.3908665e-02  -6.8567410e-02   2.0578494e-02
  -4.3239648e-02   3.7441704e-02  -8.8122125e-02  -3.6362303e-01  -2.2567467e-02   5.9668707e-01  -3.6445398e-01  -2.8192574e-03
  -1.1088981e-02  -7.7824469e-02  -2.8417117e-02   8.3219891e-02   1.0387545e-01  -8.7076454e-02  -4.7356022e-01   4.5950094e-02
  -7.1683410e-02   5.6513861e-02   1.7553364e-01   1.3306856e-01  -7.7689807e-02  -1.0728077e-01   3.5686812e-01  -5.9975459e-02
  -1.1694260e-01   7.7582129e-03  -5.9589768e-02   8.1813297e-02   2.4934618e-01  -2.9460939e-01  -6.5789660e-02  -5.6391734e-02
   1.3557823e-02   2.4205378e-02   7.6078047e-02   4.3340031e-02  -4.8902045e-02  -1.5990483e-01  -2.6395719e-01   2.7141109e-02
   1.6498251e-02   4.3788292e-02   4.0567746e-02   9.0915837e-03   1.6686191e-01   2.5933058e-01   5.0230418e-01   4.5820123e-02
   1.0358582e-01   8.2473321e-02   1.6684521e-01   3.5187182e-01   8.1573550e-02  -2.3782919e-01  -3.3805296e-01   6.2295405e-02
   9.9063309e-02  -3.3453499e-02   1.4909407e-01   1.7634446e-01   1.1517911e-01  -3.9429579e-01   2.9665801e-01   1.2643973e-02
  -9.3897608e-02  -1.3066023e-01  -7.4596757e-02  -3.7759617e-01   3.6405864e-01   2.8016573e-01  -1.2019682e-01  -7.7108548e-03
  -1.3294466e-02   1.7009923e-03  -5.1409147e-02  -4.9271590e-02  -1.9750520e-02  -2.0113988e-02  -2.2041780e-01  -5.9697069e-02
   6.5503662e-02   3.4255018e-02   9.4709200e-02   8.1368377e-02  -1.0745690e-01  -2.8462471e-01  -6.9689570e-01   5.1053530e-02
  -4.1978262e-02  -7.4397188e-02  -3.9125651e-02  -1.0734753e-01   4.5172478e-02  -6.1261514e-02  -1.9639139e-01  -2.9833844e-02
   1.4823448e-02  -2.0709279e-02  -1.6854631e-01  -1.4841114e-02   7.5231536e-03   4.0223730e-02  -2.6474361e-01  -5.6426484e-02
  -1.9393455e-02  -3.3889498e-03   2.1533626e-02  -8.0213167e-02   3.1514279e-02   1.1204354e-01   4.3469061e-02   5.5518068e-02
   2.3618420e-02  -2.9021168e-02   7.8546101e-02   1.2799213e-01  -1.7499085e-01  -4.5502076e-02   1.3385992e-01   7.3206215e-02
  -1.1409220e-01  -8.6540172e-02  -7.1908889e-02  -3.0239181e-01   1.3393299e-01   4.2803687e-01   4.7637766e-01  -6.2380693e-02
   1.3836184e-02   2.1840502e-02   2.5207778e-02   1.9835584e-01  -1.2611419e-01  -4.0860334e-01   2.0302666e-01  -4.8574042e-02
   5.7202219e-02  -7.5747444e-02   1.5644336e-01   1.5051902e-02  -1.3280768e-01   7.2140135e-02   7.4204637e-02   9.9367810e-02
   1.6734967e-02   1.0277590e-01   7.2456610e-02   1.6569081e-01  -6.8517937e-02  -9.7974296e-02   1.4964084e-01   1.5998477e-02
  -7.6375482e-02  -1.7057294e-02  -6.4028202e-02  -2.1126260e-01   2.7218348e-01   2.1402764e-01  -6.0147270e-02  -8.2131500e-03
   3.4281270e-02   2.1780655e-02  -4.9005613e-02  -2.9650554e-01  -4.6117459e-02   7.1552510e-01  -2.8784188e-01   1.1149276e-01
   6.5202309e-02   5.4858097e-02   1.2769329e-01   3.6447050e-02   9.9183596e-02   8.5687342e-02  -4.4295665e-01   5.6183778e-02
  -2.2994694e-02  -7.8329689e-02   1.3953170e-02   2.3464293e-01  -1.5414658e-01  -4.0935727e-01   1.4421873e-01  -1.1830861e-01
  -1.2427226e-01  -7.3073363e-02  -9.2571410e-02  -8.8502907e-02   1.4143252e-01  -1.8091636e-01   2.7412676e-01  -3.8668526e-02
  -3.0243338e-02  -5.0109772e-03  -1.0523960e-02   1.6220944e-01   2.0299719e-01  -3.4426510e-02  -1.3536148e-01  -4.7353776e-03
   1.6155217e-03  -7.3208008e-03  -7.5270769e-02  -1.3090365e-01   1.1785109e-01   1.7859348e-01   2.0337873e-01   2.9372741e-02
   1.4568931e-01   1.3756943e-01   2.0233829e-01   4.1306554e-01   2.8290439e-02  -3.7589786e-01  -2.2201220e-01   7.4533323e-02
  -2.5603554e-03   5.8745204e-03   7.7568326e-02   4.2077391e-01   1.6547623e-01  -5.0740532e-01   1.5174247e-01  -2.6493198e-02
  -1.1173517e-01  -3.0984595e-02  -6.1375985e-02  -1.8236148e-01   1.1429360e-01   8.4183012e-02  -1.1323858e-01  -3.3215428e-02
   6.2620846e-02   1.0753246e-01  -2.1225670e-03  -9.4109883e-02   5.0203541e-02   1.5241750e-01   2.8215621e-02   2.7084430e-02
   7.6593115e-02   1.5196233e-01   1.1070298e-01  -4.1256560e-02  -9.4616162e-03  -1.6014308e-01  -3.4427774e-01   1.1595450e-01
  -4.5095705e-03  -1.0488045e-02   3.2571259e-02  -5.7226175e-02   1.8350800e-01   4.8130492e-02  -2.0885827e-01   7.5907692e-02
   9.4325197e-04   1.2515394e-01   7.6759187e-02  -1.8501466e-01  -7.3334391e-03   6.9487517e-02  -2.2331727e-01   4.2115398e-02
   8.8495288e-02   2.5762373e-02   3.2139232e-02   3.0896396e-02  -1.3957336e-03  -5.9785511e-03  -6.3555476e-02   9.5296712e-02
  -1.2188168e-01  -2.6481018e-02  -4.8603428e-02  -1.3699175e-02   3.3093688e-02   4.5059285e-02   2.6640254e-02   4.0118451e-04
  -2.0415148e-02  -2.5442602e-03   1.5419810e-02  -1.2962173e-01  -6.7400019e-02   2.7143703e-01   4.1097454e-01  -3.8019679e-02
  -5.0051378e-02   1.4870795e-03   5.4656427e-02   1.5254698e-01  -1.0852701e-01  -2.4033171e-01   2.4515270e-01   1.0190508e-02
   7.0690008e-02   7.1593395e-02  -1.4612163e-02   1.9445201e-04  -9.1809812e-02  -4.0518560e-02  -2.8535340e-02   1.4421125e-02
  -3.1791401e-02   6.0833962e-02  -1.2712959e-02   2.8024284e-01  -1.7999312e-01  -7.2975517e-02   2.2190156e-01   8.8819967e-02
  -7.7528113e-02  -1.1434127e-01  -2.0121869e-02  -2.0881432e-01   1.8542534e-01   2.1731863e-01  -6.2658493e-02  -5.0073644e-02
  -2.8910897e-02  -1.3052241e-01  -3.7761275e-04  -4.2684813e-01  -2.7418784e-02   5.6993081e-01  -3.2782957e-01   5.3303922e-02
   4.3339324e-02   6.6217167e-02   1.4000306e-01  -1.2937370e-01   2.8762744e-03   3.2298177e-02  -3.9250293e-01  -2.8737440e-02
  -3.4241741e-02  -5.7224509e-02   3.4724174e-02   2.0439016e-01   1.7075790e-01  -5.0178386e-01   1.4937069e-01  -2.2084479e-02
  -3.7284924e-02   5.5358860e-02  -3.7269620e-03   1.6217705e-02  -9.7310192e-02  -1.4066991e-02   1.8421213e-01  -2.0269303e-02
  -7.7435598e-02   5.6401362e-02   1.0717926e-01   1.8169357e-01   3.3510148e-01  -2.5609094e-01  -1.7610802e-01  -7.3256237e-02
  -4.7708160e-02  -5.3604966e-02   8.3906230e-02  -1.1451997e-02   3.3047988e-01   1.5357972e-01   2.5237083e-01  -3.0492678e-02
   1.4248013e-01   1.2601806e-01   5.5296278e-02   3.3518438e-01  -2.8037906e-01  -2.5576410e-01  -7.2028174e-02   1.5237473e-01
   8.2474759e-02   7.3194926e-02   2.1264164e-01   3.3903930e-01   1.8011145e-01  -2.0352022e-01   2.5622817e-01   5.4451537e-02
   1.8289787e-02  -6.3588473e-02   7.1102302e-02  -1.5936599e-01   2.6867838e-01   1.3505161e-01  -1.0876899e-01  -4.8738222e-02
  -1.9850792e-02   5.1299440e-02  -7.6040472e-02  -7.5743510e-02   5.2750467e-02   5.0790547e-02  -1.0661209e-02   5.8569319e-02
  -4.0285071e-02   4.9606643e-02   6.4346600e-02   6.2780324e-02   3.4559058e-01  -3.8117014e-01  -3.2596019e-01   1.8637527e-01
  -2.7737490e-02   4.2417384e-02  -3.7356040e-02  -1.2781199e-01   2.9759206e-01   8.2369918e-02  -3.3294631e-01  -2.7002060e-02
  -1.5651622e-02   6.8357930e-02   6.9321171e-03  -2.0434388e-01   1.9369826e-02   2.4054444e-01  -2.0157412e-01  -2.3135419e-03
   3.7536599e-02  -6.7163159e-02  -1.2186346e-02   1.2865455e-01  -1.4824045e-01  -1.1354341e-01   1.4005067e-02  -1.6900902e-02
  -2.1445785e-02   9.6782886e-02  -2.0947428e-02  -1.4452927e-01   6.4118367e-02  -1.3158108e-01  -1.5940249e-01  -4.7227487e-02
  -2.1030056e-02   5.4729194e-02  -2.0500321e-02   1.1791150e-01  -9.3505434e-02   3.7708209e-02   2.3271408e-01  -3.7212351e-02
  -2.2856201e-02   6.0136680e-02   4.5057838e-02   1.4205350e-01  -2.0900655e-01  -3.1934670e-01   3.5107979e-01  -2.1234136e-02
  -4.6076480e-02  -5.2134623e-02  -2.7266273e-02  -1.2868540e-01   6.7455162e-05  -1.4394444e-02   4.1228657e-02   3.3429412e-02
  -2.2769149e-02   2.0053972e-02   6.1370758e-02   4.8261505e-02  -2.6263417e-01   2.3783603e-02   9.4563724e-02   7.7802392e-02
  -3.7922316e-02  -9.5717886e-02  -8.2615188e-02  -1.4440833e-01   1.0738782e-01   2.0036847e-01  -3.4077305e-02  -9.0280354e-02
  -2.8762068e-02  -3.7719549e-02  -1.1693123e-01  -3.7252268e-01  -8.8300081e-02   5.3933797e-01  -5.4494589e-01   2.8864519e-02
   2.3323635e-02   3.9380941e-03  -2.4481655e-02  -1.9920499e-02   5.0617862e-03   1.1190248e-02  -2.6554380e-01   1.0970077e-01
  -6.6651025e-03  -1.2745231e-02   1.1420930e-01   3.5590039e-01   2.9031946e-01  -3.9273796e-01   1.4798718e-01  -5.2674459e-02
   5.7866359e-02   1.1010147e-01  -1.9351545e-02  -7.1894418e-03   1.6717635e-01  -1.4466324e-01   7.3075533e-02   1.2929118e-01
  -2.5582630e-02   3.1366875e-02   6.2084295e-02  -2.8229596e-02   6.2836741e-02  -2.2868511e-01  -3.3204906e-01  -1.0110461e-01
   1.5289776e-02  -3.8061227e-02  -9.2813675e-02  -7.1030220e-02   2.5883798e-01   2.9645653e-01   3.0444469e-01  -1.9607420e-02
   2.0559457e-01   9.4525472e-03   1.3696198e-01   3.5449819e-01  -3.1211753e-01  -2.1183641e-01  -1.5209049e-01   1.2877037e-01
   4.2231546e-02   3.3922045e-02   1.4591008e-01   3.0458264e-01   1.7870695e-01  -3.0982453e-01   2.6314751e-01  -2.5408382e-02
  -6.2224790e-02  -7.8022822e-02   9.2266241e-04  -2.5956075e-01   2.8251602e-01   1.9257847e-01  -8.6880351e-02   1.3360984e-02
  -4.5582365e-02  -6.6546016e-02  -2.4497002e-02  -5.5563602e-02   2.7452252e-02  -8.1474673e-02  -3.5777073e-02   3.4688075e-02
  -2.7914274e-02   3.2825843e-02  -2.4849200e-02  -1.0031848e-01  -3.9238314e-02  -1.7336701e-02  -8.1934628e-02  -5.4427200e-02
  -7.4626248e-02   1.7261358e-02  -3.9032765e-02  -1.3610410e-01   1.0772128e-01   5.5035208e-02  -2.8488390e-01  -5.5058435e-02
   3.3508908e-02   7.7175848e-02  -7.7235134e-02  -1.1610078e-01  -1.5671795e-01   2.2101951e-01  -1.6099853e-01   1.0673112e-01
   3.5535670e-02   2.7276891e-02   6.3598480e-03   1.4165994e-01   5.6162782e-02  -2.0669870e-01  -1.0754090e-01   1.2873287e-02
   9.3215024e-02  -2.0699483e-02   7.8090931e-02   4.9859456e-02  -8.0954286e-03   1.5687766e-02  -1.8654923e-01   4.0744792e-02
   3.6730225e-02   7.4150311e-03   1.2117762e-01   2.3984096e-02   1.4839165e-02   2.5022287e-01   5.4473049e-01  -4.7776027e-03
   2.3585350e-02  -1.5323122e-02   5.5584252e-04   1.9568754e-01  -7.7597687e-02  -2.7594018e-01   1.8431066e-01   2.7804511e-02
  -7.0105495e-02  -1.4869919e-02   1.4837848e-02  -1.4416606e-01  -2.6577410e-01  -7.4888953e-02   9.8985131e-02  -9.9655120e-02
   5.8040509e-02   1.1486923e-01   9.1632582e-02   5.4307494e-02  -2.2786268e-02   2.9149728e-02   1.7935906e-01  -1.1159081e-02
   1.9050778e-02  -7.1518206e-03   1.8438562e-02  -3.6884268e-02   2.6394180e-01   7.2096894e-02  -5.1528263e-02  -2.1851805e-02
   1.0052932e-01   3.3408201e-02  -3.5975688e-02  -4.4258401e-01   2.7861402e-02   6.3752628e-01  -5.6704987e-01   8.1588296e-02
   9.4648328e-02   1.5999792e-01   7.1854646e-02   3.3547797e-02  -3.6478078e-01   1.1969403e-01  -3.0515276e-01   8.4184259e-02
  -8.5948949e-03  -5.3265563e-02  -9.8174594e-02   1.1877228e-01   1.7208482e-01  -6.7632946e-01   3.9823925e-02  -4.9563987e-02
   1.5588529e-01   5.8551407e-02   1.7394848e-01   1.1757148e-01   2.6762067e-02   7.0625351e-02   2.7029891e-02   5.3463024e-02
  -2.5806814e-02  -6.3990278e-03   2.1114712e-02   2.3338424e-02   9.7531046e-02  -3.8559786e-01  -5.5944566e-01  -4.5598771e-02
  -2.8683716e-03  -5.6449343e-02  -5.5658754e-02   1.5167317e-01   3.4291543e-01   1.5126835e-01   1.4676394e-02   1.5220869e-02
   1.3735331e-01  -3.4586143e-02   1.0265323e-01   2.9287546e-01  -1.5311631e-01  -1.9251909e-01  -1.8154024e-01   1.2865425e-01
  -1.1835384e-02  -1.1703672e-01  -4.0494798e-02   3.3077978e-01   1.7954161e-01  -3.2595201e-01   3.3820560e-01  -1.0847368e-02
  -6.8033612e-02  -4.8187888e-02  -9.5645309e-02  -6.1452903e-02   1.7110522e-01   8.2803652e-02  -2.1568973e-02  -7.6449475e-03
   4.4605499e-02   5.0901861e-03   2.2689765e-02  -7.8612313e-02   9.9695276e-02  -1.8983950e-01  -1.8066221e-01   5.7317410e-02
   8.2625159e-02   2.8737908e-02   1.1780453e-01   2.5860056e-02   8.4834182e-02  -1.4713117e-02  -3.6684342e-01  -5.5170748e-03
  -1.1778357e-03  -7.0603918e-02  -3.2194926e-02  -2.4193502e-01  -5.7164794e-02   2.3015461e-01  -9.8682591e-02   5.3873714e-02
  -4.8179881e-03   2.0361735e-02   6.2834826e-02  -7.3913269e-02  -1.3887108e-01   4.1517452e-01  -1.3683006e-01  -6.0487786e-02
   1.0303981e-01   5.5435944e-02   9.5187997e-02  -4.9813914e-02  -1.1180603e-01  -4.4768556e-02   8.6139178e-02  -9.6905192e-04
  -1.3607830e-02  -2.6123285e-02  -1.5268755e-02  -1.0015575e-01   1.7514260e-01   1.2903766e-02   2.7347784e-02  -3.6591726e-02
  -4.0608346e-02   3.6472816e-02  -7.7498077e-02  -4.3049352e-02  -5.9116322e-02   1.2299603e-01   6.3845276e-01   7.6636973e-03
   4.5121827e-03  -1.0705816e-01  -8.4508723e-03   1.1996801e-01   1.3617534e-01  -3.7912369e-01   4.0539208e-01  -4.3143969e-02
   8.0437047e-03  -6.2502240e-02  -5.7686967e-03  -1.8234154e-01  -1.2852840e-01  -1.6090680e-01   2.3256466e-01  -4.7743289e-02
   2.1274998e-02   1.5940599e-02   2.0644124e-02   1.1399693e-02  -1.1906274e-01  -5.9233387e-02   3.9721058e-01  -2.6672754e-02
  -1.1980483e-01  -9.2014964e-02  -7.4226547e-02  -1.4304432e-01   2.9861893e-01   1.5262640e-01  -1.6070892e-01  -4.8586013e-03
   3.2360401e-03   7.0614386e-02  -1.5898449e-01  -2.4767267e-01   1.8664264e-01   5.1051397e-01  -5.8668506e-01   1.0111557e-02
   1.0508501e-01   1.2876181e-01   6.4050424e-02   4.8121830e-02  -3.0020702e-01   1.8895114e-01  -2.0308011e-01   9.7253901e-02
   1.7876663e-02  -2.3600801e-02   8.8016737e-02   1.0633415e-01   1.4277389e-01  -3.9468035e-01  -4.2898062e-02  -3.3740383e-02
   1.0972626e-01  -4.7834808e-02   1.0408567e-01  -7.7639910e-02  -8.7166071e-02  -2.9270475e-01  -7.4432268e-02   9.4782896e-02
  -6.1541779e-02   4.7700455e-03  -1.0905703e-01   1.7939145e-01   1.0527011e-01  -1.2202445e-01  -4.4969055e-01  -6.6031970e-02
   5.7313853e-02  -9.7349983e-02   3.9481686e-02   3.1192070e-01   4.5272546e-01  -6.4822863e-02  -1.8145685e-01  -5.3196084e-02
   1.6769413e-02   2.1110212e-02   2.5635270e-02   1.5761458e-01  -3.2273444e-01  -3.1304858e-03  -6.0338723e-02   6.7238218e-02
  -2.8585189e-02   1.6968594e-01   2.8769013e-02   1.8941887e-01   1.2944435e-01  -2.0654515e-01   1.6261695e-01  -4.6942811e-02
  -9.3710679e-03  -5.2063532e-03  -1.0482550e-01  -1.0808751e-01   2.0119605e-01   1.0622925e-01   9.8260669e-03  -6.0773454e-02
  -2.6110080e-02  -2.0875160e-03  -1.1817137e-03   1.1545015e-01   4.8748271e-02  -1.7080248e-01  -1.0436529e-01   5.4080806e-02
  -6.0663534e-02   4.2894822e-02   1.2392359e-01   1.7800294e-01   3.4610422e-01  -1.4085971e-01  -2.9379392e-01   6.4058030e-03
  -4.8320748e-02  -1.3009200e-02   3.6629075e-02  -2.5009994e-01  -9.3771919e-02   3.5556808e-01  -1.9211040e-01   3.4302129e-02
  -7.8265167e-02   5.1107214e-02  -4.2775292e-02  -2.6288696e-01  -1.2263102e-01   1.8331826e-01  -2.3296614e-01  -6.7765314e-03
   4.9226884e-02   5.3154870e-03  -7.3505809e-02   5.2258852e-02  -6.7955399e-02   4.6113916e-02   6.8532938e-02   6.3240745e-02
  -5.2866928e-02   3.5202902e-02  -2.4338160e-02   3.2025166e-02   1.0950667e-01   1.3483548e-01   1.5001794e-01  -5.3498467e-02
  -4.2943103e-02   5.0413965e-02   4.6097929e-02   2.1599044e-01   1.7974239e-01   1.1237569e-01   4.5584724e-01  -2.9776477e-02
  -3.6797321e-02   4.2010863e-03   1.8193207e-02   6.8362773e-02   4.8427967e-02  -4.9447446e-01   3.4685152e-01   1.7630573e-02
  -4.6491644e-03  -1.5528362e-02   5.8449136e-02  -6.4265400e-02  -1.7336990e-01  -3.0212958e-01   1.9341440e-01  -9.0182540e-03
   5.6277585e-02   4.0637785e-02  -3.0555944e-02   1.8907599e-01  -1.7472700e-01   9.5484967e-03   1.1171127e-01   3.2802439e-02
  -1.2859229e-01  -1.8312663e-02  -8.9291531e-02  -1.2917620e-01   1.6184747e-01  -3.4060545e-02   2.4387004e-02  -3.2579115e-02
  -3.8835090e-02  -1.0852449e-02  -2.5522114e-02  -2.9784119e-01   1.2585626e-01   4.1093954e-01  -5.0492715e-01   2.4061644e-02
  -3.0937446e-02   5.9864092e-02  -3.7311999e-02  -1.1965050e-01  -1.3837045e-01   4.0958274e-01  -2.4625309e-02   9.9768871e-02
  -9.8119987e-02  -1.1071427e-01  -1.0024819e-01  -1.9531553e-02   1.4053423e-01  -4.4915124e-01   2.4473547e-01  -1.3552784e-01
   1.1097977e-01   3.1011592e-02   5.2346410e-02   1.9302845e-01   5.3937956e-02   4.9102404e-02  -2.7471436e-02   1.8929804e-02
  -4.0967243e-02  -1.2679412e-02   1.7481447e-02   1.5993389e-01   2.2336273e-01  -2.3217863e-01  -6.3701005e-01  -2.7979939e-02
   5.3801508e-03  -2.2954091e-02   9.4247357e-02   1.0706059e-01   5.9783277e-02  -1.8880413e-01  -8.8097285e-02  -8.4001056e-02
  -3.0324222e-02   6.2028566e-03   6.3882196e-02   2.7577435e-01  -2.8759934e-01   8.3381048e-02  -1.3643763e-01   8.7654977e-02
   2.0773417e-02   3.1391857e-02   8.9295167e-02  -3.4339232e-02   1.1038428e-01   1.0778376e-03   2.9976709e-01  -9.1088762e-02
  -5.2063508e-02  -2.7534139e-02  -5.9473167e-03   2.4262939e-02   9.1623776e-02  -3.1452584e-02   1.3522247e-01   6.4025276e-02
   5.0665555e-02   3.8022002e-03  -8.9986393e-04   2.0102604e-01   3.5788319e-01  -5.7417140e-02  -1.9116331e-01   9.2555911e-02
  -2.6873600e-02  -5.9214614e-03  -3.5376344e-02   4.3345380e-02  -1.3319520e-02   1.3985217e-02  -1.0890098e-01  -2.9159699e-02
  -5.4207179e-02   5.7405661e-03  -2.6545773e-02  -8.7812898e-02  -8.2762356e-02   2.2871299e-01  -7.2009560e-02   1.1312511e-01
   2.6970473e-02  -1.0390860e-01   6.6144217e-03  -2.1803151e-01  -2.8941044e-02   4.5138923e-01  -1.6307135e-01   2.0206608e-02
   8.0698314e-02  -5.7489717e-04   1.3348826e-01  -8.7479033e-03  -4.4190965e-03   7.1906726e-02  -8.1811266e-02   4.3481021e-02
   2.1819009e-02  -3.6119566e-02   2.3259667e-02   6.8455199e-02   1.0830728e-01  -2.0021194e-01   1.2983470e-01  -2.6270155e-03
   9.0294042e-03   2.2507566e-02  -7.2072971e-03   1.2342233e-01   2.5699271e-01  -2.7111573e-03   3.2689029e-01  -2.7840976e-02
   5.8301312e-02  -5.6846283e-02   1.4154950e-02   1.0690632e-01   7.0194952e-02  -8.2040646e-01   9.6218252e-02  -6.3580194e-02
  -6.6919018e-02   2.4638269e-02  -5.4168260e-03  -6.7937713e-02  -2.8398448e-01  -2.1834285e-01   1.0494646e-01   1.9322477e-02
