nin
   62
nhidden
   6
nout
   2
nwts
   392
w1
  -3.8663635e-01  -6.8652677e-01  -2.6973405e-01   4.3653088e-01   3.1283833e-01   3.0607788e+00
   9.1429518e-01  -7.1782612e-02   1.5477376e-02  -4.4097681e-01  -6.9828983e-01   7.4167529e-02
  -5.3036953e-01   6.4339551e-01  -4.6883022e-01   3.1408388e-01   5.3869926e-01   1.0428345e+00
   9.4003720e-01  -2.6265752e-01   2.4009455e-01  -3.1025818e-01  -3.4447372e-01   3.2537028e-02
  -9.2011387e-01   8.6435355e-01  -3.7396927e-01   4.7876235e-01   6.3586503e-01   4.0741668e-01
   9.1516337e-01  -2.7922883e-01   3.2313297e-03  -8.0411980e-02  -2.5238983e-01  -5.6765039e-01
  -9.1076405e-01   2.3738023e-01  -3.6304238e-01   5.0660404e-01   6.7599817e-01  -2.6688980e-01
   6.2108293e-01  -3.6353038e-01   8.8977273e-02  -5.8345518e-02  -4.1732510e-01  -4.4532409e-01
  -1.2140326e+00  -1.1623931e-02  -6.4220807e-01   6.6121371e-01   5.8795560e-01  -3.2291576e-01
   4.3824661e-01  -1.5645988e-01   1.9549584e-01   7.4452040e-02  -6.3769303e-01  -7.7749352e-01
  -1.4253548e+00  -9.8698767e-02  -5.2282133e-01   4.3490836e-01   6.9035009e-01  -1.3395024e-01
   4.2117415e-01  -3.0244978e-01   1.9983068e-01   4.0012734e-02  -3.6059054e-01  -7.5089768e-01
  -1.5348544e+00   7.6356726e-02  -4.5299294e-01   6.5609059e-01   7.7155600e-01  -1.2451667e-01
   5.7651345e-01  -1.8986613e-01  -4.7304684e-02  -1.8168670e-01  -5.5259662e-01  -3.4709963e-01
  -1.5130570e+00   5.5398208e-01  -7.7922046e-01   7.7772037e-01   1.0493804e+00   1.8003671e-01
   3.9613289e-01   1.6552671e-01   6.7616405e-02  -1.8048421e-01  -5.2939142e-01   1.4002542e-01
  -1.4045474e+00   2.9417155e-01  -6.7777819e-01   8.0377413e-01   1.0153803e+00   3.3929447e-01
   4.3178260e-01   7.1083585e-02   8.8516697e-04  -8.4209670e-02  -6.1601032e-01   4.1986168e-01
  -1.5695935e+00   1.1494138e-01  -5.9755900e-01   6.6499790e-01   1.0780809e+00   2.0175978e-01
   2.7355496e-01   1.3453186e-01   3.1281769e-01  -1.7108864e-01  -6.1272275e-01   6.0551649e-01
  -1.4998728e+00   6.0974441e-01  -7.4986674e-01   6.2259435e-01   1.1026803e+00   4.2060666e-01
   1.2198639e-01   2.7719905e-02   2.5656919e-02   1.3637752e-01  -8.0441321e-01   5.8707417e-01
  -1.4121249e+00   6.7391168e-01  -7.3537914e-01   4.5424701e-01   1.0584419e+00   4.3486341e-01
   4.1920530e-01   1.3049552e-01   2.1518094e-01  -1.9023276e-02  -4.0245142e-01   4.9644713e-01
  -1.5329034e+00   5.3817627e-01  -8.3123159e-01   1.5712235e-01   1.0918793e+00   1.4283518e-01
   3.8862114e-01  -2.0601483e-02   1.6509448e-03  -5.8001200e-01  -4.0150054e-01   5.4334124e-01
  -1.2673455e+00   2.4021902e-01  -7.6220921e-01  -2.4807638e-01   1.2135314e+00  -8.5745766e-02
   1.8299941e-01  -4.0573612e-02   1.6526056e-01  -1.6479385e-01  -5.1856429e-01   5.7626940e-01
  -1.6665623e+00  -1.3128765e-01  -7.1231217e-01  -6.4287801e-02   1.1548513e+00   4.4480263e-02
   5.8587330e-01   2.1658707e-03   1.1197986e-01  -2.0342610e-01  -4.3460014e-01   1.6117221e-01
  -1.6468272e+00  -1.0935788e-01  -8.2151739e-01   2.5362138e-01   1.2692545e+00  -4.1176590e-01
   6.8752382e-01   2.6768693e-01   1.3985207e-01  -3.1054117e-01  -5.0300892e-01  -1.1367894e-01
  -1.4367783e+00   6.4090727e-02  -8.0529125e-01   6.4030274e-02   1.3429800e+00  -4.7247531e-01
   7.3147424e-01   9.5665695e-02   3.7210225e-01  -3.4386137e-01  -5.3937160e-01  -1.4919611e-01
  -1.2592105e+00   2.1215443e-01  -8.4888168e-01   1.6411311e-01   9.7947767e-01  -4.3513599e-01
   7.6362658e-01  -2.5230214e-02   9.2081658e-03  -4.1682803e-01  -4.8761117e-01  -2.4719893e-01
  -1.1707450e+00   2.2560164e-01  -6.9586788e-01   6.2695320e-01   1.1103910e+00   1.3661368e-01
   4.9464388e-01  -1.9160637e-01   5.4248392e-02  -1.7877687e-01  -5.2068521e-01  -9.1184861e-02
  -1.3187218e+00   3.2726834e-01  -7.3742181e-01   9.1624784e-01   1.0519944e+00   2.1867905e-01
   5.9630556e-01  -1.3330237e-01   8.4619817e-02  -2.3740037e-02  -4.5741097e-01   5.7105935e-02
  -1.4865033e+00   2.9266009e-01  -6.6115436e-01   9.8675119e-01   8.2361490e-01   5.2669598e-01
   5.2484163e-01   2.0348375e-01   2.2137408e-01  -1.2512581e-01  -4.1508852e-01   1.0762942e-01
  -1.4378388e+00  -2.9885966e-02  -7.3912951e-01   1.1934683e+00   8.2190627e-01   2.4602115e-01
   5.0738445e-01   1.5323813e-01  -1.1398115e-01  -2.5759078e-01  -4.0227310e-01  -1.4900729e-01
  -1.4284258e+00   1.6260913e-02  -6.8006851e-01   1.2791831e+00   1.0039965e+00  -5.3880733e-02
   3.2349087e-01   1.2586638e-01   3.2509060e-01  -2.1673096e-01  -2.9643274e-01  -1.1097439e-02
  -1.2540588e+00   8.7948374e-02  -5.4747293e-01   1.1229747e+00   5.4814293e-01  -5.1865245e-01
   6.6499160e-02  -1.7169347e-01  -9.8527674e-02  -2.8863831e-01   6.1598910e-02   1.1528874e-01
  -1.4610938e+00  -5.1547267e-01  -6.5803145e-01   1.2575519e+00   8.3085539e-01  -4.9353331e-01
   1.6128809e-01  -3.5782078e-02  -1.5582760e-03  -3.7964066e-01  -2.1886215e-01   2.7635552e-01
  -1.2417719e+00  -4.6318179e-01  -7.4163376e-01   7.5842927e-01   9.7203863e-01  -3.7590361e-01
   3.1794171e-01  -9.5523274e-02  -7.9882080e-02  -1.1117656e-01   8.1515767e-02  -9.8739071e-02
  -9.6363755e-01  -1.1421170e-01  -5.3790170e-01   6.6724654e-01   8.7410192e-01  -4.2950898e-01
   5.1331909e-01  -8.6507886e-02   3.1760943e-02  -1.3319802e-01  -1.2911306e-01  -3.4375090e-01
  -7.5466830e-01  -7.8877845e-02  -5.0128849e-01   6.2142386e-01   9.6071824e-01  -7.4105517e-01
   3.2794963e-01  -1.2063275e-01   6.7387438e-02   3.7223516e-03  -3.0040212e-01  -1.7064185e-01
  -4.9146365e-01   8.3750774e-02  -4.7610819e-01   2.2197044e-01   9.8022610e-01  -2.2133338e-01
   4.1156830e-01   1.3798984e-01   1.8774416e-01   1.3959968e-01  -2.0896974e-01   2.5271831e-01
  -1.1507830e-01  -2.2309764e-01  -2.2399070e-01  -5.3305325e-02   8.7542348e-01  -2.0988708e-03
   7.5377114e-01  -5.3497932e-02   4.3391652e-01  -1.0160649e-02  -3.6449904e-01   5.4854091e-01
   3.1265175e-01  -6.1580223e-01  -3.7412864e-01  -9.3730945e-01   6.9048296e-01   4.4920312e-01
   8.2059842e-01   3.6937505e-01   3.8764627e-02   1.8157977e-01  -3.4449060e-01   1.0516441e+00
b1
  -3.9264460e-01  -1.5043055e+00  -6.1841049e-01  -2.3810402e+00  -2.0509841e+00  -4.1876705e-01
w2
  -1.0544987e+00   1.0713487e+00
   2.3326933e+00  -2.3823393e+00
   1.3179610e-01   7.2985597e-02
   1.5590817e+00  -1.5301029e+00
  -9.2273979e-01   9.3637724e-01
  -2.2467262e+00   2.2617672e+00
b2
   9.7616930e-01  -8.3905899e-01
