  -9.7812938e-02  -9.5127231e-02  -3.7664521e-02  -1.6224233e-01   9.0296767e-02   3.7965676e-02  -3.5039248e-01   1.1059715e-02
  -4.8868314e-02   1.0949388e-02  -1.1873090e-01  -1.7022828e-01   3.3415512e-01   9.0158031e-02  -3.7585637e-01  -1.0822002e-01
   8.8115391e-02   9.9431100e-02   5.9973631e-02   2.8716352e-01  -2.3914434e-01  -3.8446633e-02   1.1737461e-01  -1.2998559e-02
   8.6276086e-02   9.2880424e-02   1.6603766e-01   3.8225083e-01  -3.1488924e-02   7.7603252e-03  -1.6475950e-01  -7.3283501e-02
  -8.3729390e-02  -6.5545707e-02  -5.2216034e-02  -1.8587012e-01  -1.2652788e-01   7.8201304e-02  -3.6006468e-02   6.5154663e-02
  -4.5804613e-02  -1.1267050e-01  -3.3607583e-02  -2.9242814e-01  -1.9440875e-01  -1.8333046e-02  -1.7080397e-01   9.7208417e-02
   6.9631745e-02   1.0348823e-02  -9.7675596e-02   1.1347509e-01   1.1676575e-01  -2.4782679e-02  -1.9609898e-01  -4.1741216e-02
  -8.6762420e-02  -5.1720909e-02  -5.2276279e-02  -1.5176744e-01  -1.6031176e-01   6.1871395e-02  -3.5588577e-01   1.6337275e-01
   7.0657366e-02  -1.3002578e-02   1.9947113e-01   3.3332609e-01  -3.8627694e-01  -2.4705734e-01   6.0828604e-01   5.0543990e-03
  -9.6209664e-02  -1.3153223e-01  -1.8322558e-01  -1.4196486e-01   9.6985248e-02   1.0682300e-02  -9.6495038e-03   2.9163481e-01
  -2.6082970e-02  -5.7296319e-02  -1.5213889e-02  -1.4532644e-01   8.0331441e-03   1.5122360e-02  -4.8439774e-01  -1.1617543e-02
   6.4294748e-02   4.4231322e-02   1.3138231e-01   2.6807837e-01  -1.5777837e-01  -7.7353768e-02  -1.0460701e-02  -3.1723253e-02
  -2.4092448e-02   8.9499527e-02   9.7023102e-02   1.1855577e-01   9.5218379e-02   3.7403499e-02   1.8091728e-01   2.2170541e-02
   1.3742302e-01   6.2760202e-02   2.5025002e-02  -1.4681175e-01   4.9135714e-04   4.7408280e-02   1.4052254e-01  -9.4908133e-02
   1.0203934e-01   6.3871796e-02   1.3699574e-01  -8.3647721e-02  -4.2328372e-03   3.3963648e-02   1.3136893e-01  -1.4302776e-01
   4.8123387e-02   5.8064882e-02  -4.7303485e-02  -7.9245733e-02   7.8349121e-02   1.1902747e-01  -1.9478190e-01  -4.2290359e-02
  -5.5321528e-03  -1.3068087e-01   1.7237256e-01  -5.3037319e-02  -1.1572022e-01  -8.0232159e-02   6.0072658e-02   1.0970975e-01
  -5.6943952e-02  -1.0077265e-01  -5.7856577e-02   4.7386995e-02   1.3078455e-01  -8.5493461e-02  -9.4832970e-02   2.0972001e-01
  -1.4706758e-03  -3.6408271e-02  -4.5603191e-02  -1.3057125e-01   2.5175563e-01   8.9195542e-02   1.2060918e-01  -4.3149278e-02
   2.1503001e-02   7.3516014e-02   2.9909010e-02  -2.8595967e-02   5.7215249e-03   3.3952059e-02   2.5637422e-01  -6.3751512e-02
  -4.3636843e-02  -1.0123302e-02  -2.1495735e-02  -3.7727484e-02   3.6545618e-02  -4.0239056e-02  -9.7426256e-02   1.9757306e-01
  -4.8695747e-02   7.2310017e-02  -1.0479472e-02  -1.2705098e-02   7.8860352e-02   4.5658622e-02  -1.0735823e-01  -2.5776197e-02
   1.2605391e-01   1.4936290e-01   4.1359145e-02   1.2008690e-01  -2.7432653e-01  -1.2804201e-03   8.6527151e-03  -3.1466266e-02
   1.0619362e-01   5.8326830e-03   1.1842275e-01   2.8548935e-01  -2.7256459e-01  -8.0383739e-02  -1.5705722e-01  -6.1716941e-02
  -1.2247882e-01  -8.5271785e-02  -7.6949328e-02  -5.7892297e-02   1.2465680e-01  -4.2159299e-02   8.5421770e-02   1.3299178e-02
  -3.7811501e-02  -6.1572534e-02   2.7763054e-02  -2.5725099e-01  -9.2005854e-02   8.9931261e-04  -2.9324022e-01   1.5272926e-01
   1.0117007e-01   3.4007004e-02  -1.0003663e-01   4.0102787e-02   1.4571044e-01   7.3898908e-02  -5.2837449e-02  -1.3074951e-01
  -1.4022770e-01  -8.9387141e-02  -7.8302871e-03  -1.4249692e-01  -4.1076870e-01   3.0656379e-03  -2.7394354e-01   1.0743127e-01
   7.1290118e-03   5.4994470e-02   1.9012937e-01   2.7892068e-01  -2.6861628e-01  -8.2057165e-02   1.6949180e-01  -3.4674409e-02
  -4.1507118e-02  -1.2980181e-01  -5.5024557e-02  -2.9800077e-01   1.2030654e-01   1.2918080e-01   2.4068214e-02   8.5949133e-02
  -4.5035775e-03   5.2589199e-03  -1.4609417e-01  -1.4201396e-01   1.5182989e-01   1.0922925e-01  -4.8756601e-01  -7.8857954e-02
   4.7506909e-02   9.1302590e-03   1.8489421e-01   4.0258127e-01  -1.9243660e-01  -7.7993214e-02   1.3272898e-01   1.0055124e-01
   2.3413753e-02  -4.0708160e-03   1.6725535e-02   3.4555655e-02   1.3869278e-01   3.9809857e-02  -6.1792986e-02  -3.2764673e-02
   6.5951948e-02   7.1913001e-02   5.7913360e-02   4.4378388e-02  -1.2794008e-02  -6.5036368e-03   4.4692320e-02  -1.0504840e-01
   1.1113185e-01   1.0338364e-01   2.1218231e-01   1.5364210e-01   1.4229521e-02  -5.2611241e-02  -9.0996633e-02  -8.0200083e-02
   7.6593848e-02   7.6640417e-02   1.5483182e-02  -2.0592506e-01   9.9071443e-02   1.1966801e-01  -2.0016692e-01  -8.3769065e-02
   1.5927325e-02  -7.5069829e-02   5.3561123e-02  -1.6981681e-01  -1.0920452e-01   1.0613558e-01   3.6887429e-02  -9.9597209e-04
  -9.7044693e-02  -2.2847365e-02  -4.0634419e-02  -2.9930590e-03   1.0835520e-01  -6.1380289e-02  -2.0923987e-01   1.0160645e-01
  -2.7209073e-03  -5.6021266e-03  -6.6611766e-02  -1.6487194e-01   4.0219378e-01   2.2443501e-01   2.6159207e-01   4.9413506e-03
   3.5287990e-02   3.5671941e-03  -7.3598425e-02   4.6142758e-02  -4.1383156e-02   1.8828183e-02   2.4594105e-01   5.2412862e-03
  -1.1501667e-01   2.0397652e-02   3.3366746e-02   1.4903172e-02   5.3871057e-02  -9.8878167e-02  -7.3479141e-02   8.8567055e-02
   1.3823211e-02   5.0022687e-03  -3.4994683e-02   1.3061836e-02   9.0655852e-03  -3.7989960e-03   6.3467878e-02  -2.1866618e-02
   3.4316220e-02   2.8159103e-02   6.7189315e-02   1.3161971e-01  -2.9029457e-01  -8.2541020e-02  -7.6694047e-02  -5.3226244e-02
   9.5898473e-02   7.7061858e-02   1.4196501e-01   3.5973885e-01  -9.0658079e-02  -5.8440237e-02  -3.1703456e-01  -5.9922485e-02
  -1.0842039e-01  -2.7701967e-02  -1.6384716e-03  -1.2682973e-01   1.3251503e-01   1.4079653e-02   6.7947317e-02   1.8946436e-01
  -4.9795724e-02  -3.8802759e-02   5.7005741e-02  -2.1163152e-01  -3.0146021e-01  -8.0853341e-02  -2.9253659e-01   1.0845093e-01
   6.7250226e-02   9.3123141e-02   5.7626305e-02  -1.4776179e-01  -1.0963127e-01   1.1065547e-01   3.3053243e-02  -9.2844042e-02
  -1.4626332e-01  -1.1163159e-01  -5.5555353e-02  -2.5652214e-01  -2.5470231e-01  -6.8022166e-02  -1.3915038e-01   1.1593700e-01
  -8.8804989e-03   4.6473213e-02   1.8070771e-01   2.6369280e-01  -1.9558738e-01  -1.5047284e-01   1.7731903e-01  -9.3337971e-02
  -8.3904520e-02  -6.5827577e-02  -2.4935898e-01  -1.8823115e-01   4.5450337e-02   1.6096251e-01   7.0313018e-02   1.4474462e-01
  -5.6630629e-02  -1.1795136e-02  -7.9955067e-02  -1.1736978e-01   7.6319817e-02   2.8768724e-02  -5.2126241e-01  -7.1646444e-03
   3.9522068e-02   1.0133888e-02   7.7998200e-02   2.1339868e-01  -1.7962795e-01  -1.4261495e-01  -2.3582625e-02   2.8518312e-02
   5.1738959e-02  -2.9289084e-04  -2.1958399e-02   6.3364358e-02   6.4037605e-02   6.3692293e-02  -1.1686711e-01  -2.7170920e-02
   1.1844921e-01   3.0882356e-02   1.2938988e-01  -6.8937265e-02  -8.5475119e-02   4.2443361e-02   3.2560645e-02  -3.1612773e-02
   8.9297135e-02   2.6001468e-02   1.9025402e-01   2.6064611e-01   2.7945404e-02  -1.1590724e-01   1.6448303e-01  -5.8638905e-02
   1.6107635e-02   2.6678999e-03  -4.4771355e-02  -5.9283180e-02  -1.3145386e-01   4.1284497e-02  -2.2325900e-01  -2.8152393e-02
   6.6374244e-03   2.7903674e-02  -1.6565835e-02  -7.7103216e-02   3.5025504e-02   6.2568809e-02  -1.1706458e-01   4.4616787e-02
  -1.0128502e-01  -7.6242799e-02  -1.7779929e-01   2.3817446e-02  -3.0963646e-03  -2.3962397e-02  -1.7843001e-01   9.8499981e-02
  -1.2789736e-02  -6.7856884e-03  -7.1178226e-02  -1.1004668e-01   4.8684142e-01   1.4804091e-01   3.7233675e-01  -6.0144830e-02
   3.8199391e-02  -6.7527069e-02   6.7908951e-02   8.1362981e-02  -2.0571915e-01  -7.6045316e-02   1.7066272e-01   9.5434818e-02
  -9.2860378e-03  -5.9123643e-02   4.3150417e-02  -1.5397174e-01  -1.4626276e-01  -5.1917725e-02   1.5713113e-01   1.2738300e-01
  -2.1259890e-02  -6.4356904e-03   2.2524614e-02  -2.1528300e-02   8.1972555e-02  -6.5874260e-02   6.7217222e-02   6.0245210e-03
   1.1326166e-01   9.3685692e-02   3.5987470e-02  -1.0825678e-02  -2.7739094e-01  -1.5882207e-02  -8.4591118e-02  -8.7578269e-02
  -3.1855322e-02   4.9956776e-02   1.2682750e-01   3.5614140e-01  -1.0084459e-01  -9.2953026e-02  -2.2316840e-01  -1.1690309e-02
  -6.1110410e-02  -9.2640909e-02  -2.7671398e-03  -1.3449248e-01   1.6447434e-01   2.1852825e-02  -1.7647607e-03   1.3264190e-01
  -3.4508568e-02  -1.4079721e-01   1.5534960e-01  -1.5552319e-01  -2.2565760e-01  -9.5482139e-02  -4.0432985e-01   4.9643593e-02
   1.0491917e-01   8.5436136e-02   1.6975885e-02  -3.1164040e-04   1.3489874e-02   5.6474904e-02   2.9160050e-01  -3.0509616e-02
  -7.1230397e-02  -1.1316442e-01  -5.9802026e-02  -3.5433355e-01  -3.8800042e-01  -2.7037557e-03  -2.2024592e-01   1.3383693e-01
   7.9656680e-02   7.0925482e-02   1.6879055e-01   2.7905206e-01  -1.7170542e-01  -1.1744431e-01   1.1109689e-01  -4.0615513e-02
  -8.0298811e-02  -1.0643884e-01  -1.8311764e-01  -4.5086607e-01   2.8069699e-02   5.4641329e-02  -1.3785232e-01   2.1309907e-01
  -1.1717311e-02  -3.7299064e-02   3.6731228e-03   7.2401489e-02  -1.4130528e-01  -5.3621761e-02  -3.8646146e-01   3.4200492e-03
  -7.2235376e-03   2.8370838e-02   1.2173114e-01   2.0130226e-01  -1.2017432e-01  -1.0579155e-01  -2.8590758e-02  -4.6642005e-02
  -9.5712365e-03   1.6052224e-02   8.4766957e-02  -3.2353760e-02   8.6570866e-02  -1.0654057e-02  -1.5945037e-01   3.7455134e-04
   5.0288334e-02   5.5684065e-02  -1.1331880e-02  -8.3578062e-02   3.2778304e-02   9.7053805e-02  -3.1768361e-02  -1.7057940e-01
   1.4988576e-02   4.1306300e-02   6.6470762e-02   3.5961566e-01   3.1316211e-01  -6.6371872e-02   1.7137557e-01  -5.1083625e-02
   4.7788651e-02   2.5260304e-02  -1.0517410e-01   2.6267723e-02   6.1047964e-02   8.6631265e-02  -2.0362123e-01  -7.5261549e-02
   8.5290049e-03   3.9280514e-03  -3.2817607e-02  -1.4530167e-01  -2.4480733e-01  -1.1163537e-02  -1.6018645e-01   2.7146642e-02
  -4.1963630e-02  -1.9894374e-02  -1.1802052e-01   1.2844971e-03  -3.4994413e-02   2.3796451e-02  -5.2110881e-02   7.3493789e-02
   3.8186514e-02  -3.3484510e-02  -1.5787359e-01  -9.1007014e-02   5.1657744e-01   8.1260785e-02   1.4299410e-01  -4.7896404e-02
   1.2082174e-02  -1.9028120e-03  -1.2946280e-02   7.7177234e-02  -8.0617372e-03   3.6829000e-02   5.1811217e-03  -7.6875905e-03
   2.1507834e-03  -2.9510761e-02   4.9724538e-02   1.2464014e-02   9.5121203e-02  -3.9102206e-02   3.7354842e-01   1.8147761e-01
   1.9884929e-02  -2.1774350e-02   6.3927097e-02   1.7725242e-01  -6.0710616e-02  -4.3876521e-02   8.2482346e-02   1.1463560e-01
   9.9057772e-02   1.3989791e-01   3.7230151e-04   4.8708281e-02  -1.9238091e-01  -1.2463484e-02  -7.3854352e-02  -5.1865896e-02
  -7.1007520e-03  -3.9766583e-02   1.4777185e-01   3.4458794e-01  -1.8942784e-01  -9.2932904e-02  -2.6803967e-01  -5.0114077e-02
  -4.6905366e-02  -1.1466512e-01  -2.4840801e-02  -1.0528472e-01   2.0105112e-01   1.0218683e-01  -6.7379894e-02   4.5867872e-02
  -8.8160880e-02  -1.0066837e-01   7.0563070e-02  -3.6673616e-01  -1.4750010e-01  -8.0143937e-02  -3.3584674e-01   1.4036353e-01
   5.6089011e-03   1.1704695e-01   2.3989364e-02  -2.5329929e-02  -1.0511615e-02   9.9983292e-03   2.8552613e-01  -7.2282142e-02
  -9.0396280e-02  -7.6112656e-02   4.3861470e-02  -3.7499249e-01  -2.6699748e-01   1.6256011e-02  -1.7997106e-01   1.7696476e-01
   1.0969648e-01   3.6376534e-02   8.2390285e-02   2.3171857e-01  -2.0664500e-01  -4.3851114e-02  -5.2050817e-02  -3.2730557e-02
  -6.4293758e-02  -1.0244456e-01  -6.3300124e-04  -3.8258212e-01   1.5089673e-02   4.4163711e-02   2.4756568e-02   1.3559645e-01
  -6.6986702e-03  -2.4267828e-02   5.3924218e-02   1.6482251e-02   5.9976801e-02  -8.2735867e-03  -5.5067601e-01  -6.9943915e-02
   9.4620423e-03   3.4410333e-02   1.0124633e-01   2.0814923e-01  -3.0159926e-01  -8.1432292e-02   7.0307531e-02   2.4610606e-02
   3.6091125e-03   6.3134272e-02   2.1588210e-02   1.2057948e-01   3.0997730e-01   1.1200920e-01  -8.3327033e-02  -1.2770198e-01
   3.3420389e-02   1.0654826e-01  -4.1869988e-02   7.7082635e-02   1.5525787e-01   5.5747542e-02  -9.9658812e-02  -5.2228475e-02
   6.9519912e-02   3.9884849e-02   8.8351615e-02   4.2910221e-01   2.1683480e-01  -8.9160211e-02   2.3861346e-01  -6.9243948e-02
  -4.7620217e-03   5.7154339e-02  -1.5513219e-01   2.8691522e-02   8.1942808e-03   1.5985818e-01  -2.8268357e-01  -6.9456160e-02
   4.6284991e-02   1.6421668e-02  -3.6313218e-02   2.7220661e-02  -9.1955964e-02   7.0649503e-02   1.8188447e-01  -1.1826938e-02
  -1.4305584e-02  -7.4552086e-02  -1.1879377e-01  -1.1245670e-01   9.5847956e-02  -5.3857820e-02  -8.3839779e-02   1.2545578e-01
  -4.6859912e-02  -3.4728416e-02  -4.8476646e-02  -1.0931006e-01   1.4660439e-01   1.2564921e-01   7.8248197e-03   1.8429733e-02
  -7.5556986e-03   7.3982587e-03  -7.8714391e-03  -1.7412256e-01  -2.7956902e-01  -1.5977020e-03  -2.0657118e-02   7.1814035e-02
  -4.8283488e-02  -3.2069941e-02  -1.6397934e-02   6.4592144e-02  -8.9234178e-02  -1.6298412e-02   2.7058859e-01   1.7275993e-03
  -1.1271328e-01  -8.9507070e-02   3.5446961e-02   1.7865433e-01  -1.4858901e-01  -8.8157649e-02   2.1639329e-01   3.7236177e-02
   8.1792425e-02   7.0211734e-02   5.5894423e-02   1.5599445e-01  -9.0253175e-02  -6.9919566e-02  -9.2581139e-02   3.4866728e-02
   1.5509360e-03  -4.9697589e-02   2.4360197e-01   2.5230467e-01  -1.5035986e-01  -1.1440492e-01  -7.4006693e-02  -4.0331636e-02
  -2.6580889e-02  -1.0259474e-01  -1.6016455e-02  -9.5959685e-02   1.3999335e-01   2.8906744e-03   1.0290576e-01   1.1363607e-01
  -3.1959687e-02  -8.7542473e-02  -1.3028520e-02  -9.0847937e-02   1.8467294e-01   5.1573465e-02  -1.3433983e-01   1.9281684e-02
   2.5191005e-02   6.2059170e-02  -7.4397603e-03  -7.2265464e-02   4.3498364e-02  -3.4662672e-02   2.4111673e-01   5.7850007e-02
  -8.1529793e-02  -6.8998766e-02   4.7700627e-02  -2.2603366e-01  -3.5389576e-01   3.3176968e-02  -1.3290817e-02   5.9042114e-02
   2.0337005e-02  -1.3953560e-02   5.2804377e-02   6.3782591e-02  -1.1676170e-01  -4.4782934e-02  -1.3699175e-01  -1.1173333e-01
  -3.5722598e-03   3.7107601e-02  -2.0936782e-01  -4.5161642e-01  -3.7359513e-02   3.0627913e-01   2.6793223e-01   1.7843154e-02
  -8.4334026e-02   2.1410426e-02  -8.4944379e-04   1.3313226e-01  -1.1856016e-01   2.2569062e-02  -3.1400284e-01   7.2452886e-02
  -3.3954957e-02   1.9605410e-02  -9.6267093e-03   1.1739369e-01  -1.8340479e-01  -1.2431133e-01   9.1484355e-02  -6.2979004e-03
   8.3384730e-02   5.1238931e-02  -3.0882462e-02   5.8362604e-02  -2.7946656e-02   6.7377256e-02  -1.7135593e-01  -4.0420189e-02
   4.1212746e-02   2.1119655e-02   3.7838347e-02   5.0909082e-02  -1.6848756e-02  -9.8405433e-03  -3.4697129e-01  -1.1428279e-01
  -1.3490096e-02  -1.7922538e-02   1.4648062e-01   2.7319993e-01  -6.3572046e-02  -1.3788506e-01   1.6900189e-01   2.3311634e-02
   9.8243897e-03   7.4383725e-02  -4.7251794e-02  -3.4982981e-02   1.3575298e-01   1.0957107e-01  -1.1559982e-01  -9.8109007e-02
  -6.9235461e-02   2.7765439e-02   4.8026374e-04  -4.2209319e-02   9.4812166e-02  -8.9582018e-02  -1.1065114e-01   1.0992096e-03
  -8.3327044e-02  -5.5620100e-02  -3.4370073e-02  -1.0245174e-03  -6.1892682e-02  -9.9835415e-03  -3.1298777e-01   1.6467870e-01
   3.8694065e-03   7.3376287e-02   1.0316357e-02  -2.2186059e-01   2.8394943e-01   2.0702061e-01   1.1737968e-01   4.5080539e-02
  -8.8286819e-03  -3.3185041e-02  -3.4831525e-02  -1.6891765e-01  -1.1175098e-01  -2.5884485e-03  -4.1049706e-01   3.9741241e-02
  -2.1292038e-02  -8.1254983e-02   1.7979131e-03   1.4913869e-01  -1.5490284e-01  -3.5116990e-02   3.9195150e-02   1.6665958e-02
   4.7499281e-03  -7.5246933e-02   9.2299997e-02  -9.7462201e-03  -2.2677987e-01  -9.1686111e-02   2.1995342e-01   3.0085540e-02
  -6.2122598e-04   4.9521162e-02   8.0129843e-02   2.4328917e-01  -5.6936008e-03  -3.8262341e-03  -1.0876445e-01  -8.4334150e-02
  -5.2124435e-03  -6.5758883e-02   1.2208084e-01   2.5403014e-01   1.7025741e-02  -7.3282321e-02  -5.0409881e-01   3.8841114e-02
  -6.0869303e-02  -1.1381337e-01  -1.6133332e-01  -3.4186306e-01   3.6039987e-02   9.0884554e-02   7.6157383e-02   1.1852179e-01
  -7.8048097e-02   4.5598773e-02  -5.6625225e-02  -2.3122919e-01  -5.4716094e-02   1.7559967e-02  -3.5980151e-02   1.5705691e-02
  -2.7859841e-02   1.8745895e-02  -7.0853941e-02  -1.3883458e-01   1.7938781e-01   1.0552176e-01   3.3743876e-01  -3.9069400e-02
   2.2943798e-02   8.5081127e-02  -8.5599099e-02  -2.4361179e-01  -2.5409001e-01   4.5218138e-02   6.1430648e-02   6.9627701e-02
   4.6060369e-02   2.4765170e-02   4.3006585e-02   5.3698347e-02  -1.8545057e-01  -4.6951983e-02  -1.3947149e-01  -8.0111863e-02
  -1.3267693e-02  -6.3189522e-03  -1.9220308e-01  -3.2975710e-01  -4.4897419e-03   2.2343870e-01   2.3034689e-01   2.2304170e-02
  -1.3843093e-02  -2.2651135e-02   1.2622652e-01   1.8331706e-01  -1.2856484e-01  -1.2799943e-01  -1.8721454e-01   3.7790602e-03
   1.5886581e-02  -1.9593028e-02   2.2086514e-01   3.4067545e-01  -7.1802483e-02  -8.9334728e-02   1.5030593e-03   3.5707682e-02
  -1.6503877e-02   3.1485014e-02  -3.6218450e-02   7.3545746e-02   2.7504894e-01   7.3901682e-02  -5.7066140e-02  -6.2890643e-02
   8.9393296e-02   1.1307905e-01   1.8310557e-02   1.9176292e-02  -2.4472660e-02   5.6474241e-02  -4.2521625e-01  -6.8877952e-02
   1.9534788e-02  -6.0784376e-02   2.7854704e-01   3.0811285e-01  -1.4556603e-01  -1.1018814e-01   2.2613205e-01  -1.3942245e-02
   7.2261633e-02   6.5271970e-02  -3.4094885e-02   1.3795755e-01   2.7020993e-01   4.7928191e-02  -4.0604111e-02  -1.1764162e-01
   3.5826758e-02  -1.2771236e-02   2.7115816e-02   4.0433186e-02   1.6375928e-01   1.4199061e-02  -1.5059897e-02  -4.5391405e-02
  -3.3645740e-02   6.5456259e-03  -1.9258976e-02  -7.2357594e-02  -1.8253945e-01  -4.2007166e-02  -1.1485683e-01   1.7212071e-01
  -1.0880310e-02   8.5885910e-02  -9.3620869e-02  -4.5970669e-01   2.0793473e-02   1.7220162e-01   2.7158102e-01  -4.7831819e-04
  -5.1309889e-02  -6.4567308e-02  -5.5047443e-03  -1.5717370e-01  -4.2004723e-02   1.2986008e-02  -3.3696982e-01  -5.5861420e-02
  -2.6689802e-02  -1.6110290e-02  -4.2005973e-02   6.7262183e-02   4.1913058e-02  -4.0265114e-02   8.6820283e-02   1.0435547e-01
  -5.5394524e-02  -3.3894303e-03   6.9420861e-02  -9.1472332e-03  -2.7127986e-01  -1.0450279e-01   4.7423814e-01   3.1524833e-02
   5.8702123e-02  -1.1888107e-02   9.4803519e-02   2.9318104e-01   6.5274874e-02  -9.2405721e-02  -3.1691761e-01  -7.0364832e-02
   6.1995972e-02   5.5176467e-03   1.6818931e-01   3.9223648e-01   1.5263420e-02  -1.4421635e-01  -4.0673053e-01  -5.0454423e-02
  -1.5827506e-02   4.7527627e-04  -1.7289409e-01  -2.9648262e-01  -1.5867463e-02   1.8236727e-01   1.1397701e-01   1.0334753e-01
  -6.4253915e-02  -7.9981669e-02   5.9376955e-02  -2.7850892e-01   8.4303615e-02   8.1632111e-02  -1.9461952e-02   4.0208058e-02
  -1.6798730e-03  -2.7065180e-03   3.5724416e-02  -1.9872477e-01   1.7839489e-01  -2.9646711e-02   3.0565977e-01   5.5735675e-02
   4.6439609e-03  -2.4273634e-02  -1.4164214e-01  -1.1578022e-01  -2.1383637e-01   3.0877194e-03  -5.5646732e-02   3.1030919e-02
  -5.0124309e-03  -4.1324957e-03   6.3771891e-02  -9.3680622e-02  -2.0487835e-02   3.2520985e-02  -5.4916506e-01  -1.0343623e-01
   8.5178969e-03  -5.2541023e-02  -2.4300533e-01  -3.5334861e-01   4.8411109e-03   2.0994171e-01   4.2717103e-01   5.3493577e-02
  -1.1092458e-02  -5.3414556e-02  -5.2404809e-02  -6.7038398e-03   8.3584456e-02   6.5789957e-02  -8.2712850e-02   3.6468443e-02
  -6.2966943e-03  -2.8325021e-02   1.4667892e-01   4.3357754e-01  -1.2059797e-01  -1.8085486e-01   6.0423027e-02   1.8446273e-02
  -1.8277865e-02  -6.1892153e-02  -3.8490705e-02  -8.0405836e-03   6.1454585e-02  -5.1645450e-02  -3.0330447e-01  -5.3314540e-02
   9.5289528e-03   1.0867360e-01   2.1865187e-02   1.0243066e-01   2.7991550e-01   2.4082050e-02  -4.3385623e-01  -3.2037176e-02
  -1.5784784e-02  -7.7447668e-02   1.9977124e-01   1.1904238e-01  -5.2733617e-01  -2.3261608e-01   6.7941972e-02  -3.0796595e-02
  -1.6778077e-02  -9.8102235e-02   1.6759315e-02   2.3519459e-01   9.4752552e-02   2.9184214e-02  -9.6658360e-02  -9.6593740e-02
  -1.9573452e-02  -6.7880375e-03  -1.7013544e-02  -5.3948619e-02   1.4904196e-01   3.9522761e-03  -4.0751468e-02  -2.2211255e-02
   5.3130087e-02   2.2336627e-02  -1.5388223e-02   1.6168018e-01  -1.5064192e-01  -8.4319446e-02  -5.2005468e-03   7.9006185e-02
  -5.0828969e-03   5.0606907e-02  -4.4635379e-03  -4.7256650e-01   2.3472262e-03   1.9072817e-01   1.8383960e-01   2.3700494e-02
  -6.4683857e-02   4.2407301e-04   1.2730108e-01  -1.8588930e-01  -2.5584290e-01   3.1076365e-02  -2.4040181e-01   2.1952304e-02
   2.2791512e-02   9.0698353e-03   2.3738395e-02  -4.7105119e-02   1.9133649e-01   4.9708313e-02   1.0804791e-01  -2.2099049e-02
  -2.4330005e-02   1.5700153e-02   2.0787846e-02  -1.0330167e-03   6.8221312e-02  -5.2884092e-02   4.8940700e-02  -8.3619319e-02
   3.7360276e-02   6.5073923e-02   7.3712913e-02   4.0881806e-01   2.2462890e-01   1.1135262e-02  -3.7166690e-01  -3.3642905e-02
   1.1700892e-03   1.6197744e-03   1.9331756e-01   3.7573423e-01  -1.3780530e-01  -1.1257462e-01  -3.0772548e-01   2.6313736e-02
   2.1715751e-02   1.2407433e-02  -2.1916446e-01  -1.9041690e-01   1.8076400e-02   1.9701164e-01   1.0747300e-01   9.5234486e-02
  -6.1865841e-02  -4.1951015e-02   1.5375287e-01  -2.9184631e-01  -9.9877483e-02  -1.1835364e-01  -1.5407782e-01  -1.9208730e-02
  -1.2703150e-03   3.4507150e-03   8.9255207e-02  -1.1942103e-01  -2.1437408e-02  -3.1237294e-02   2.7391811e-01   2.9658235e-02
  -7.4549405e-02   3.7460094e-02  -1.4891275e-01  -2.2844868e-01  -2.3343976e-02   7.0143718e-02  -3.3909323e-02   1.1138428e-02
   2.5434438e-02   1.2393102e-03   5.4893032e-02  -1.5475428e-02   5.4079495e-02  -7.8317104e-02  -6.2191893e-01  -3.6547164e-02
   9.0070176e-02  -1.5095400e-02  -2.5632327e-01  -7.9113770e-02   3.0417969e-01   1.9851617e-01   5.9598260e-01  -3.6101669e-03
   4.1742774e-02  -4.2009729e-03  -4.7794938e-02   1.3620674e-01  -6.4457875e-02  -4.8672848e-02   1.4703130e-01  -2.6883453e-03
  -8.5420477e-02  -1.3513187e-02   1.1004297e-01   2.2779378e-01  -1.4369044e-02  -8.3329294e-02  -2.3250374e-01   5.0384683e-02
  -2.8926511e-02  -4.5863214e-02   1.5963389e-01   1.0590868e-02  -1.4614661e-01  -9.7319071e-02  -4.8836877e-01  -8.5743145e-02
  -1.3591164e-03   8.1121113e-02  -7.0670380e-03   1.4507959e-01   1.6718014e-01   9.7394140e-02  -3.5062539e-01  -1.4903862e-01
  -7.0289077e-02  -8.0118627e-02   2.6979826e-01   2.5687589e-01  -5.2136207e-01  -2.7137641e-01  -9.3821784e-02   5.5400100e-02
  -7.2101547e-02   5.8169989e-02   1.1773615e-01   3.2586721e-01  -2.6837636e-02  -1.2772308e-01  -1.5034777e-02   4.6523951e-02
   9.4843778e-03   2.4584151e-02   7.3037970e-02  -9.6825128e-02   2.1132864e-01   3.2472335e-02   1.7730225e-02  -1.0275620e-01
   1.1249462e-02  -6.7001046e-02  -5.7302693e-02   2.2474660e-01  -2.0139922e-01   6.0923906e-03   3.4605827e-01   9.1007378e-02
   3.5683532e-02   5.4356931e-02  -1.3843825e-01  -4.9948608e-01  -9.6088158e-03   1.6910868e-01   4.1828594e-01   7.7255451e-02
  -4.4427162e-02  -9.4969208e-03  -3.9748793e-02  -2.2995183e-01  -2.0935116e-01   9.2033256e-02   4.1410809e-02   4.5082943e-02
   7.0400462e-03   7.9250349e-03  -7.4713854e-02  -1.5309146e-01  -3.3605953e-03   7.3672027e-02   1.7150650e-01   7.1489613e-02
   3.6494052e-02   4.1865483e-02  -8.4631317e-02  -5.7291421e-02  -1.0021042e-01   4.7712269e-02  -5.0254503e-02  -3.3698258e-03
   6.0074291e-02  -1.5473548e-02   1.1923564e-01   5.5373645e-01   3.4090480e-01  -2.7418071e-02  -3.7730060e-01  -1.2490399e-01
   1.1095692e-01  -1.0105325e-02   2.0820541e-01   3.9355956e-01  -2.4229711e-01  -9.1015657e-02  -2.4051938e-01   5.3900671e-02
  -1.4321712e-02   6.8317898e-02  -2.1346210e-01  -3.3633095e-01   1.5986282e-03   2.1693818e-01   2.5031456e-01   2.9100618e-04
  -1.4411890e-01  -7.7794128e-02   1.2652607e-01  -3.6114220e-01  -3.2203799e-01  -1.6054215e-01  -3.0489764e-01   1.6850261e-01
   2.8624762e-02   1.7702390e-02   1.2997428e-02   1.1017895e-01  -4.4676160e-02   4.2231466e-02   1.7437286e-01   7.6733068e-02
   1.9881091e-02  -4.7043008e-02  -1.1975323e-01  -2.0628964e-01  -8.9451202e-02   1.2618770e-01  -5.7098267e-02  -1.0698949e-02
  -5.4162222e-02   3.2336348e-02   1.1894116e-01  -1.6559307e-01   1.3617337e-01   1.0179254e-01  -5.3850492e-01   5.2722896e-02
   3.0138804e-02   4.8939295e-02  -2.4126773e-01  -1.4706940e-01   3.4809144e-01   1.6878675e-01   5.6399624e-01   9.0268150e-02
   3.9901310e-02  -6.0345107e-02   7.3553243e-02   7.4078915e-02  -1.3562696e-01  -4.0922417e-02   5.1378440e-02   7.8663720e-02
  -2.4888264e-02  -2.1081434e-02   1.7497242e-01   9.9419594e-02  -1.6632632e-01  -1.5895054e-01  -3.2507781e-01   6.4607708e-02
   2.8149677e-02  -1.1538786e-02   1.6468772e-01  -1.0460650e-01  -3.8959661e-01  -1.3032714e-01  -6.6986737e-01  -5.7612792e-02
   6.6150930e-02   1.2193762e-01   4.6264068e-02  -6.7337725e-03   2.6373206e-01   1.3579740e-01  -4.9532425e-01  -8.3854046e-02
   3.8166297e-02  -1.8787984e-02   1.5043711e-01   4.1188259e-01  -3.8292363e-01  -2.4143068e-01  -1.3279263e-01   1.3962315e-01
  -4.0637358e-02  -1.8783204e-02   1.9327671e-01   2.1878829e-01  -1.4087218e-01  -6.6495192e-02   7.3406145e-02   8.4185981e-02
  -4.3839320e-02  -6.4410547e-02   7.0180036e-02  -9.8179262e-02   1.3959723e-01   6.0698066e-02   1.1232055e-02   8.4497912e-03
   5.9031033e-02  -5.4404400e-03  -5.5291472e-02   4.2391915e-01   7.3755344e-02  -2.2881299e-02   4.2992660e-01   1.2872968e-01
   7.6478105e-02   5.4784270e-02  -7.1106724e-02  -5.6652973e-01   3.5431326e-02   1.4642701e-01   4.2845140e-01  -4.2706890e-02
  -5.6124216e-02  -3.3544552e-02  -1.6700661e-02  -2.9131949e-01   5.9523384e-02   1.1276018e-01   3.1058526e-01   1.6803043e-02
   6.3977233e-02  -1.4890389e-02   2.2476006e-02  -1.0595832e-01  -2.8943324e-01  -2.3694157e-02   2.6025900e-01   8.8778089e-02
  -1.4251788e-02   4.0339587e-02   1.5949909e-02   6.2875537e-02  -1.3061025e-01  -4.2541945e-02   6.2651489e-02   3.9272369e-03
   2.0015446e-02  -9.0674041e-03   1.7039311e-01   6.0626650e-01   1.0617352e-01  -1.1171452e-01  -4.0894651e-01  -6.2486435e-02
  -2.1925287e-03   5.2861564e-02   7.0262285e-02   5.0947812e-01  -4.0399381e-02   1.8308994e-03  -3.2087714e-01   6.2030940e-02
   1.0020805e-01   5.0945967e-02  -1.3739209e-01  -3.1893802e-01   8.0708469e-02   2.3030622e-01   4.7958050e-01  -1.1623051e-02
  -1.4954207e-01  -3.6197753e-02   2.1329057e-01  -3.4545353e-01  -1.2910340e-01  -5.3599455e-02  -1.2609494e-01   8.2994077e-02
  -5.6575336e-02  -1.0222172e-01   5.9671886e-02   3.5782169e-02  -1.6131723e-02  -4.9654547e-02  -8.4293713e-04   5.8831975e-02
   1.0026366e-01   2.2384441e-02  -2.3422034e-02  -2.5658498e-01  -2.1129008e-01   4.5789390e-02   2.7885022e-01   2.3264699e-02
  -5.0500151e-02  -2.5326846e-02   6.1757742e-02  -5.5941124e-02   3.6536793e-02   3.0204094e-02  -6.8113139e-01  -6.1346739e-02
   9.0936362e-02   3.4261482e-02  -1.6015995e-01  -2.4936004e-01   2.0371408e-02   2.2433014e-01   4.9581411e-01  -1.5470770e-02
  -4.5931754e-02  -8.0599333e-02   3.3575859e-02   6.6814998e-02  -3.9438275e-01  -4.4896321e-02  -1.4503804e-01   4.1186237e-03
  -1.7031379e-01  -6.6401488e-02   9.0898970e-02  -5.7231548e-02   2.8939830e-02  -3.7260329e-02  -6.5991714e-01   2.1747587e-02
  -1.2842404e-01  -9.9165071e-02   1.9811323e-01   4.7060623e-02  -9.9337598e-02  -1.7748813e-01  -5.4272760e-01   2.4027164e-02
   6.3362412e-02  -5.9937066e-03  -1.2102303e-01   1.8450716e-02   1.5665491e-01   6.8916271e-02  -4.3568922e-01  -9.1612850e-02
  -5.8998764e-02  -9.5817588e-02   1.5884848e-01   1.5672496e-01  -2.4855520e-01  -1.7262336e-01  -2.9631297e-01   8.4955480e-02
  -2.8054596e-02  -8.8275847e-02   9.8454026e-02   2.1987554e-02   3.6087409e-02  -3.3525355e-02  -9.2163622e-02   5.7762744e-02
   4.6776781e-02   2.3072243e-02   4.0925163e-02   1.1752763e-01   1.7897020e-02  -2.7051462e-02   4.5729465e-02  -9.0352855e-03
   1.7262520e-02  -9.9114391e-03  -1.8008946e-01   2.8582654e-01  -2.3093589e-02  -8.5393246e-04   4.6555079e-01   5.2326506e-02
  -2.5281180e-02   3.0875164e-02  -1.7329691e-01  -4.6091290e-01   7.4762515e-02   1.9558939e-01   4.8404110e-01   1.3181042e-01
  -4.1645863e-02  -1.7162197e-02  -8.7338732e-02  -9.4618635e-02   1.4011103e-01   9.6998891e-02   3.4985695e-01   2.0179489e-02
   9.4662403e-02   1.4531608e-01  -7.9525722e-02  -3.0262759e-01  -2.8666907e-02   9.2880090e-02   5.8688805e-01  -5.1146646e-02
   1.6874659e-02   7.7341365e-04   1.1121958e-01  -2.0734622e-01  -2.9958918e-02   1.8526768e-02   2.5618107e-01  -5.5707896e-02
   6.0687332e-02   2.1505357e-02   1.1461323e-01   6.9746563e-01   8.3413201e-02  -1.1355407e-01  -7.4966606e-01   2.9812514e-02
   3.0445649e-02  -4.6335821e-02   8.7910214e-02   3.6001693e-01   1.3976281e-02  -3.6444719e-02  -1.7118594e-01  -2.6455047e-02
   1.3062819e-01   1.2675737e-01  -6.7103251e-02  -3.7694228e-01  -1.4351625e-01   2.5598330e-01   2.9228167e-01   4.1432475e-02
  -1.0161928e-01  -1.7304684e-01   1.1874576e-01  -2.1894322e-01   1.7935902e-02   8.1616524e-02   5.0493655e-02  -8.5459232e-03
  -2.4224544e-02  -3.9355106e-02  -2.6190994e-02   1.3677117e-01   8.3939079e-02  -3.6413052e-02   1.2823893e-01   5.5110665e-03
   2.7059952e-02   5.6468726e-02  -1.6946450e-01  -2.1491807e-01  -1.7577074e-01   5.4208875e-02   8.6752651e-02   5.2429692e-03
  -1.5004497e-02  -6.4872958e-02   7.1030296e-02  -9.8705588e-03  -1.2247244e-03   3.3250173e-02  -8.1836985e-01   2.9078509e-02
   4.1287901e-02   5.1396398e-02  -1.2490687e-01  -2.6653399e-01  -7.2501606e-02   1.3372176e-01   5.2905727e-01   2.4938021e-02
  -1.4892436e-02  -6.1568514e-02   1.4181688e-01   1.1635385e-01  -2.1095319e-01  -7.9680298e-02  -1.1137127e-01   8.7124196e-02
  -8.5721500e-02  -4.0428444e-02   8.0984452e-02  -4.0083779e-02   4.6210667e-02  -4.9300640e-02  -7.9271740e-01   5.9072724e-02
  -8.9477560e-02  -9.0121447e-02   2.4006234e-01   4.6251426e-02  -1.0747861e-01  -2.4823114e-01  -6.2140008e-01  -8.7337322e-03
   3.6967290e-02   3.9113163e-02   7.3247710e-02   4.4988694e-02  -3.3736733e-02  -3.6478336e-02  -2.7460629e-01  -1.0256776e-01
   1.1418006e-02  -9.6841138e-02   1.1661732e-01   2.4491358e-01   1.2403291e-01  -1.1856098e-01  -4.5970502e-01   5.1255730e-02
  -1.9138882e-02  -3.2811993e-02   9.1931999e-02   2.1095255e-01   2.9203360e-03  -7.4996475e-02  -1.5080431e-01   4.1874517e-02
   1.9451284e-02   2.4817178e-02  -3.9457200e-02   9.3581810e-02   2.0632562e-01  -3.8034100e-02   2.9840152e-02  -1.5195152e-02
   1.3310015e-01   9.3663420e-02   3.6939115e-02   2.7797684e-01  -2.4798144e-01  -6.7202615e-02   7.1304049e-01   1.5568160e-01
   4.1815037e-02   7.3901284e-02  -1.0069090e-01  -4.1071307e-01   6.7816261e-02   1.2498575e-01   4.1185343e-01  -1.1547434e-01
  -6.7082291e-02  -5.4118650e-02  -1.1942324e-01  -1.2075831e-01   4.9863133e-02   7.6059043e-02   2.4842878e-01   5.7384408e-02
   1.3391165e-01   4.0288021e-02  -5.2516173e-02  -1.7880971e-01  -2.5069222e-01   1.0029864e-01   1.5118282e-01   1.0607891e-01
   2.4266824e-02  -3.1277944e-03   1.2839202e-01  -1.5684518e-01  -1.9691356e-01   1.5789802e-02   2.3951816e-01   2.2637219e-02
  -3.6824424e-02  -2.0937207e-02   1.2022237e-01   6.5585964e-01   3.1122922e-01  -1.1133091e-01  -7.9918292e-01  -5.1860162e-02
   9.7330877e-02  -4.8555127e-02   7.7358889e-02   2.0020010e-01  -9.5878418e-02  -4.8290578e-02  -2.4756393e-01   3.6597871e-02
   1.2790419e-01   6.4960538e-02  -5.0198790e-02  -5.1326830e-01  -3.9499400e-02   2.5708474e-01   2.7836056e-01  -2.3955371e-02
  -8.5181631e-02  -5.3662867e-02   1.4249011e-01  -3.4983718e-02   2.1275370e-01  -3.2987550e-02   3.9949082e-03   7.4003986e-02
  -2.4712508e-02  -1.5779348e-02  -6.5199095e-02  -2.7700819e-02   1.3019766e-01  -4.2190588e-02   1.7063223e-01  -2.5274842e-02
   4.6186051e-02   1.1576093e-01  -1.8612474e-01  -1.9329983e-01   1.0276008e-01   1.1913959e-01   1.6740324e-01  -1.2671932e-01
  -4.0376150e-04   8.7320471e-03  -4.1552938e-03  -4.0114244e-02   2.4799682e-01   1.0436531e-01  -5.3614254e-01  -7.0000442e-02
  -4.3849631e-02   1.2202283e-01  -2.0780568e-01  -3.4485886e-01  -2.0348278e-02   1.6924534e-01   5.2343316e-01  -1.6896556e-02
  -1.0000719e-03   4.9120777e-03   1.3385309e-01   2.1387661e-01  -2.9328225e-01  -5.9452743e-02  -2.5532507e-01   1.1464347e-01
  -1.0463049e-01  -1.3635132e-01   1.0013615e-01   4.9854577e-02   4.6565031e-02  -1.1290382e-01  -7.6251673e-01  -5.7111682e-02
  -5.6588753e-02  -5.6228497e-02   2.4073655e-01   6.3780949e-02  -3.1127416e-01  -1.4388682e-01  -5.4637263e-01  -5.5071371e-02
   4.1166087e-02  -9.9336509e-03   6.7313201e-02   2.3947476e-01  -7.1293717e-02  -9.5879070e-02  -2.2685874e-02   1.2694961e-01
  -5.8000631e-02  -6.3984860e-02   4.4363251e-02   1.0551746e-01   1.0034949e-01  -6.6331716e-02  -2.5186716e-01   9.4808312e-02
  -5.7260157e-02   3.4949249e-02   1.6070694e-01   1.2729206e-01  -6.5547212e-02  -9.3935829e-02  -1.6826473e-01   1.4698768e-01
  -1.9853532e-02   7.3816132e-02   9.0101681e-03   1.1719918e-01   1.7944824e-01   3.8100424e-02   1.6984099e-01  -5.2421767e-02
   4.8866589e-02   2.3562913e-02   2.1731915e-02   3.6810387e-01  -2.8405359e-01  -7.5502536e-02   8.0440009e-01   3.8337581e-02
   5.3547249e-03   1.0021364e-01   3.5617955e-03  -5.9319247e-01  -1.3280530e-02   1.9859585e-01   3.6797015e-01  -1.6148277e-02
  -4.3805634e-02  -2.5266412e-02  -1.0436633e-01  -8.0935673e-02  -2.0733846e-01   1.2422027e-01  -1.6791658e-02  -2.0565384e-03
   8.5740845e-02   1.2032660e-01  -4.5028068e-02  -1.2605093e-01  -3.7880485e-01  -3.1662433e-02   2.3681962e-01   2.3493091e-02
  -3.1285147e-02  -5.9743442e-02   1.0337014e-02  -1.8745598e-01  -9.4451299e-02  -2.9519945e-02   4.7813069e-01   5.4751250e-02
   1.6340193e-02   2.7200889e-02   6.4303185e-02   6.5033194e-01   4.2654027e-01   3.3883081e-02  -6.1660730e-01   6.2610170e-02
   2.6143259e-02  -5.9835742e-02   2.9405448e-02   4.9909112e-01  -4.9337763e-02  -6.8745885e-02  -4.8794118e-01   8.5039572e-05
   4.2409919e-02   6.7912628e-02  -8.1971473e-02  -4.9141709e-01   2.2411956e-01   1.6076669e-01   4.5465594e-01  -8.8776763e-02
  -2.7666418e-02  -8.0343060e-02   7.0674682e-02   9.7363981e-02   2.1151888e-01   1.1020636e-02   1.2674658e-01   3.9386986e-02
  -4.5353128e-02  -1.1123265e-03  -1.0042861e-01   2.8681241e-02   1.6679437e-01  -1.2061785e-02   4.2903451e-02   5.5598256e-02
   1.1390035e-01   1.2277809e-01   3.9961341e-02  -1.9197692e-01  -2.1006472e-01  -3.5453060e-02   5.6199256e-01  -3.5442979e-02
  -4.3729804e-02   2.8198842e-02  -7.1556689e-02   6.5665198e-02   2.8329499e-01   4.3400180e-02  -8.2196017e-01  -4.9750627e-02
  -1.2773204e-02   8.2348587e-02  -1.9984052e-01  -4.7135711e-01  -1.8699581e-01   1.8238537e-01   4.9402903e-01  -8.7283491e-02
  -8.4446200e-02  -1.0095189e-01   1.3909095e-01   1.2622764e-01  -2.4826104e-01  -8.8408746e-02  -2.2172143e-02   1.4076250e-01
  -1.1661621e-01  -1.0904513e-01   4.7014580e-02   1.6479692e-01   3.1790243e-01  -4.4767839e-02  -7.9231772e-01   5.8861873e-02
  -7.4743748e-02  -3.2601317e-02   1.6903792e-01   1.4225874e-01  -1.4215851e-01  -1.4401881e-01  -5.1648323e-01   8.8349505e-02
  -2.5236386e-02  -9.5717104e-02   3.8199774e-02   2.5865782e-01  -1.2331274e-01  -9.8618258e-02  -6.5880778e-02   7.3295042e-02
  -1.2044684e-01  -1.1031930e-01   6.9511020e-03   1.1596111e-01  -5.3475366e-02   3.0379511e-02  -5.9399529e-01   1.0764594e-01
  -8.0840919e-02  -2.6456226e-02   9.5768222e-02   3.4818909e-02  -9.7678465e-02  -2.1302304e-02  -2.4121931e-01   5.0545841e-02
  -2.8396819e-02   4.2314665e-02   4.4493239e-02   8.3504841e-02   1.8461368e-01  -3.4550254e-03   6.3209547e-02  -6.5189177e-02
   1.0038303e-01   3.1177060e-02  -8.1355426e-03   2.1499134e-01  -3.2628360e-01  -8.9225523e-02   6.6397543e-01   4.3359749e-02
   3.5473378e-02   6.0723869e-02  -9.9999328e-03  -7.3831032e-01  -1.3409303e-01   1.6648579e-01   2.9213220e-01  -6.5380437e-02
  -8.9671875e-02  -6.8669985e-02  -3.3504129e-02  -4.7974779e-02   4.9235591e-02  -2.7568009e-03  -1.0427177e-01   1.1279536e-01
   1.4567141e-01   9.4595159e-02  -9.3758115e-02  -1.6384598e-01  -2.2277881e-01  -1.6988937e-02   5.5885829e-01   1.4338011e-04
   1.5383037e-02   1.6112983e-02   4.5235508e-02  -1.1876296e-01  -1.9650717e-01  -5.2277905e-02   5.7790124e-01  -2.0293820e-03
  -8.1686449e-02   5.0500027e-02   1.1366243e-01   7.0900246e-01   3.3968406e-01  -1.0686462e-01  -7.1386590e-01   2.9562082e-02
   6.3124593e-02  -8.3790965e-02   2.8080251e-02   5.0574646e-01  -7.2280071e-02  -1.2314122e-01  -5.3116100e-01   5.7614428e-02
   7.2708804e-02   6.9845354e-02   1.3516562e-01  -7.7314403e-01   1.1442598e-01   2.3775017e-01   5.2908155e-01   8.7097243e-02
  -5.6589456e-02  -7.2904906e-02   4.3814703e-02  -5.5335430e-02  -6.8019615e-02  -1.3513089e-01   1.2417894e-01   2.4004308e-02
  -2.8105934e-02  -7.5284213e-04   3.6387566e-02  -1.6081166e-01   3.6757707e-02  -8.5471487e-02   8.9317712e-02  -6.6292656e-02
   1.7767319e-01   1.0750388e-01   1.0347630e-01  -3.4440772e-01  -2.4337308e-01  -6.8793314e-02   6.5710980e-01  -4.9822505e-02
  -8.2144655e-02   9.3932452e-04  -8.7527026e-02   2.0432190e-01   9.8705848e-02   3.4169812e-02  -1.1203312e+00  -1.7643637e-02
   1.0634812e-01   1.3132574e-01  -4.9664504e-02  -4.5076410e-01  -3.4208875e-02   1.8280943e-01   5.6289523e-01  -1.2190374e-01
  -3.4470311e-02  -1.3892455e-02   1.1601682e-01   1.6563894e-01  -2.5389653e-01  -1.0519023e-01   1.5936412e-01  -7.0594654e-03
  -1.1633064e-01  -4.1703490e-02  -5.9042633e-02   1.0505102e-01   3.2161167e-01  -4.6527603e-03  -7.4663484e-01  -7.7403293e-02
   2.8391611e-02  -2.3982278e-02   3.8539407e-02   2.6340742e-01  -7.1469756e-02  -1.4935655e-01  -4.6454515e-01   8.5783312e-03
  -4.3105772e-02  -3.7868887e-02  -3.7202458e-02   2.7452390e-01   2.0096453e-02  -8.0947313e-02  -3.8996801e-01  -5.0626682e-02
  -1.5996180e-01  -4.9982815e-02  -2.0768422e-02   1.5730585e-01   1.6925404e-01   4.3908938e-02  -7.9513583e-01   1.2730931e-01
   5.5961416e-02  -1.7638895e-02   8.8754149e-03   1.0120722e-01   7.6560967e-03   6.9814209e-02  -1.1476384e-01  -4.7764335e-02
   9.8713113e-03  -4.8404792e-02  -9.5924808e-03   1.0619609e-01   2.4740731e-01  -4.8677509e-02   9.0379636e-02  -3.1215325e-02
   8.2124476e-02   6.6365610e-02   7.1722860e-02   4.0584886e-01  -9.8623063e-02  -4.9705677e-02   7.1371434e-01   4.0563555e-02
   5.3797186e-02   3.4634556e-02   2.9610036e-02  -8.1508440e-01  -4.2572136e-01   1.6934293e-01   1.6188912e-01   8.3545490e-03
  -2.5765778e-02  -1.4330796e-01   1.8536672e-02  -4.0677322e-02   1.1028748e-02   4.0527647e-02  -2.4111338e-01   9.9927605e-02
   7.0348155e-02   6.4429001e-02  -1.1690708e-02  -1.6219872e-01  -2.5932766e-01   4.3771653e-02   2.4483720e-01  -4.2838606e-02
   2.9051419e-02  -1.6302579e-02  -1.0440256e-02  -2.7598794e-01  -1.2898515e-01   8.3812504e-03   4.9526806e-01  -1.6027383e-02
  -3.4581972e-02  -5.3753599e-03   2.0926619e-02   5.2577898e-01   3.8702248e-01  -4.1112976e-03  -6.6285222e-01  -1.0145174e-02
   3.4896709e-03  -7.3293727e-03   1.1477419e-01   5.6061159e-01  -6.3033829e-02  -1.6236945e-01  -4.0592253e-01   1.5318683e-01
   1.2085933e-01   8.1974991e-02  -4.1691251e-02  -7.0603265e-01   5.6464837e-02   1.9635717e-01   5.6365537e-01   3.8168916e-02
   3.4354436e-02   5.3063454e-02  -9.2884583e-02   3.5521036e-03  -6.3806440e-02   3.1216922e-02   1.6518131e-01   9.6904847e-03
  -1.1424205e-02  -4.0288937e-02   8.1200700e-02  -6.5961964e-02  -1.1490454e-01  -6.3229090e-02   1.5594156e-01   9.1698756e-02
   6.3980731e-02   1.0484798e-01   2.9646483e-02  -2.7867261e-01  -1.6441652e-01  -1.0651151e-02   5.3362322e-01  -1.1233801e-01
  -7.2605930e-02  -3.2509037e-03  -1.2477348e-01   1.7153784e-01   2.1571284e-01   5.8582679e-02  -1.0312116e+00  -5.5885334e-02
   8.9273320e-02   1.7910820e-01  -1.3497874e-01  -3.7518464e-01   1.1178928e-01   2.1143272e-01   3.8033843e-01  -1.8449914e-01
  -5.5103056e-02  -7.2751294e-02   2.0808015e-01   3.3627976e-01  -4.6272751e-01  -1.9987293e-01   4.1449997e-01   2.5768472e-01
  -1.0125227e-02  -9.6124157e-02  -5.8796231e-02   3.9964621e-02   1.3733975e-01   1.4620572e-03  -5.5218274e-01   1.2608432e-01
  -3.0323364e-02  -2.9485154e-02   4.7066621e-02   8.9122064e-02  -6.4387515e-02  -4.1763604e-02  -4.9515266e-01   6.6763757e-02
   7.9263507e-02  -1.0976702e-02  -2.7045752e-02   1.3772296e-01   7.2555792e-02   5.5832436e-02  -3.5261710e-01   6.4828333e-02
  -7.9327721e-02  -1.0902935e-01   2.0384701e-02   1.1359760e-01   2.2425914e-01  -9.6818510e-02  -7.6498456e-01   1.0780971e-01
  -7.6126594e-02  -2.4008389e-02   6.5344103e-02  -3.4009254e-02   6.8636294e-02   2.8557594e-02  -1.6632446e-01   2.8927671e-02
  -6.2585841e-02   5.2032030e-02  -4.2444495e-02   2.3965398e-01   9.5734663e-02   2.1500978e-02  -1.7957199e-02  -4.6305472e-02
   8.8582169e-02   5.9511929e-02   1.1791889e-01   3.9186439e-01  -2.7507493e-01  -9.5638847e-02   5.2858616e-01  -4.9753619e-02
  -4.9892842e-02  -8.2719342e-02   3.9577674e-02  -9.3432735e-01   3.6406766e-03   1.8558263e-01   3.7663819e-02  -9.5077801e-02
  -9.3658117e-02  -5.6343260e-02   1.0176135e-01   9.7499409e-02   4.9971323e-02  -1.0043513e-02  -2.3907189e-01   8.4590033e-02
   8.2747675e-02   5.2161849e-02   2.3950463e-02  -1.6569611e-01  -2.9431342e-01  -8.4253513e-02   2.3465657e-01   3.0555247e-02
   1.2767206e-02   7.6865283e-02   4.3493600e-02  -3.4478624e-01  -1.3554235e-01   1.0783063e-01   2.8485643e-01   3.4886945e-02
  -3.9876124e-02  -5.8332593e-02   3.7449972e-02   4.0464007e-01   1.6950225e-01  -7.4169519e-02  -4.2618903e-01   7.9882003e-02
   5.4553895e-02   3.1042349e-02   6.3173797e-02   4.7542002e-01  -1.4775532e-01  -3.7495595e-02  -1.3162528e-01   5.1324114e-02
   9.0441948e-02  -1.4576911e-02   4.9165335e-03  -7.1331616e-01   2.6819478e-01   1.8674881e-01   7.0778196e-01  -1.0842845e-01
   4.2066841e-02   1.9746228e-02  -2.4498519e-02  -5.9207437e-02  -1.3426390e-01  -3.0188456e-02   2.3690015e-01  -6.2766262e-03
   3.0823936e-02  -2.2955139e-02   8.4150469e-02   1.4799404e-01  -3.4810995e-02  -4.4255070e-02   1.5643668e-01   1.1167673e-01
   1.2114096e-01   5.8374120e-02   5.2815773e-02  -3.1601028e-01  -1.9881561e-01  -4.2069062e-03   4.7362047e-01  -1.1525848e-01
  -9.1478081e-02  -2.8475650e-02  -3.1980104e-02   6.8450958e-02   2.3341861e-01   8.4871138e-02  -1.0462663e+00  -8.9874996e-02
   4.0622366e-02   7.8283710e-02  -8.7988302e-02  -4.0789298e-01   3.9924412e-02   2.2894847e-01   4.2488635e-01  -1.3179778e-01
  -1.4197111e-02  -6.8598953e-02   1.4925183e-01   3.0366331e-01  -2.3356361e-01  -1.8746742e-01   3.7354487e-01   1.1753655e-01
  -2.7311552e-02  -7.3268077e-02   2.2454809e-02   1.6420224e-01  -2.0391725e-01   1.5351338e-02  -6.9519259e-01   8.1645113e-02
   4.7944727e-02   9.9199514e-03  -4.7004779e-02   2.8462299e-01  -4.1493418e-02  -5.5734586e-02  -3.9200627e-01   5.6896924e-02
   1.4899347e-02   5.5285989e-02   3.8378462e-02   9.5168910e-02  -1.0182357e-01   4.3839675e-02  -1.5203547e-01  -2.0864640e-02
  -1.2236616e-01  -1.2747649e-01   3.3298083e-02   1.2097838e-01   2.5167544e-02  -8.9108147e-02  -9.1419445e-01   6.8436678e-02
  -1.0722478e-02  -1.3988561e-02  -4.6682870e-02   7.1582689e-02  -1.1108661e-01  -1.9078696e-02  -3.6276081e-02  -6.3815693e-02
  -1.1597539e-01   1.3828780e-02   6.4273563e-02   3.2594581e-01   1.1169058e-01  -8.8780028e-03  -1.1466734e-01   4.0408442e-02
   8.8481226e-02   7.1307278e-02   1.0549558e-01   3.6642234e-01  -2.4424393e-01  -1.3759758e-01   3.6420031e-01   1.1234583e-01
  -6.9732627e-02  -4.8513703e-02   2.5638078e-02  -7.5108064e-01   9.8816153e-02   8.4479164e-02  -7.4102418e-02  -3.8270858e-02
  -1.2000008e-01  -2.0243419e-01   1.0475114e-01   2.1678583e-02   1.7909513e-01  -3.8302826e-02   1.9167776e-01   1.1818325e-01
   6.0312857e-02   2.1176953e-02  -2.5940271e-02  -1.1259177e-01  -3.6287514e-01   2.3360198e-02   2.0976139e-01  -9.2449728e-02
  -7.8802075e-03   5.3614867e-02  -3.1191067e-02  -1.9380107e-01  -1.4690514e-01   5.4337772e-03   2.6991182e-01  -7.9744710e-02
  -9.2627078e-03  -5.1421604e-02   2.0904164e-02   5.2903651e-01   2.5114002e-01  -2.6806404e-02  -5.9893186e-01   2.7519235e-02
   6.2932730e-02   1.3573615e-02  -7.7133002e-02   5.5541704e-01  -1.1373557e-01  -7.5320076e-02  -2.4323209e-01   1.6566943e-01
   8.0473693e-02   4.4041668e-02   1.0333187e-01  -5.6892568e-01   9.8945316e-02   2.3063673e-01   6.2990422e-01   2.7345420e-02
   3.3880950e-02   4.5813627e-02  -1.2578636e-01  -4.3956386e-04  -1.0382483e-01   6.5403672e-02   3.2580713e-01   6.0645558e-02
  -3.2187211e-02  -1.3947013e-02   4.0151236e-02   6.0987069e-02  -9.9858375e-02   2.3552156e-02  -3.9579919e-02   4.6251601e-02
   5.4064070e-02   7.1799868e-02   1.0593590e-01  -3.5531465e-01  -8.8421318e-02   1.5448832e-02   4.2346568e-01  -1.2321423e-01
  -6.9736034e-02  -4.4199588e-02  -5.4577442e-02   1.2726269e-02   2.4387847e-01   1.5353800e-01  -8.8593368e-01  -4.5627338e-02
   9.6817090e-02   5.0710129e-02   4.0267157e-02  -3.5361274e-01  -6.7396976e-02   6.2904353e-02   3.7236180e-01  -1.0774263e-01
  -1.4456447e-02  -2.4906627e-02   7.7052671e-02   1.8257574e-01  -1.8169417e-01  -6.9311041e-02   2.1893334e-01   9.7768913e-02
  -3.7940158e-02  -1.1780597e-01   5.9854519e-02   4.3531511e-02  -1.3888693e-01  -1.4802583e-01  -6.4852319e-01   1.7817152e-02
  -2.0256385e-02  -3.2753185e-02  -4.5229986e-02   5.8829021e-02  -1.6051974e-01   2.2774058e-02  -3.6382362e-01   1.0493875e-01
  -5.9499506e-02  -6.4487572e-02  -3.3992182e-03   2.2842547e-01  -1.0761962e-01  -4.8788420e-03  -3.0125212e-01  -6.1043422e-02
  -9.4325408e-02  -9.9497563e-02   9.7340313e-02   5.6496091e-02  -9.6792308e-02  -2.1305722e-02  -1.0822025e+00   9.7267158e-02
   1.0937408e-02   7.5900686e-02  -5.2387835e-02  -9.6497956e-02  -1.6816251e-01   1.2241085e-01  -7.7478109e-02   7.0498139e-02
  -4.1544973e-02  -2.1767630e-02   1.2011069e-01   3.6756429e-01   3.4610437e-02  -5.3269133e-02  -6.0357867e-02   4.5226188e-02
   5.3301660e-02  -1.5785304e-02   1.6795039e-01   2.5040538e-01  -2.5340609e-01  -2.0275070e-01   3.6288615e-01   1.9645828e-02
  -1.5070397e-01  -6.4956908e-03  -2.2944441e-02  -7.7092764e-01   3.2189516e-01   1.2966771e-01   1.8911423e-01  -3.2326216e-02
  -1.7095249e-02  -8.4322967e-02   5.7255428e-02  -2.3623085e-02   2.8376335e-01  -5.4955114e-03   2.8324820e-01  -4.8795278e-03
   2.4072598e-03  -2.3429003e-02   6.9952161e-02  -7.7179753e-02  -4.7804924e-02  -7.1999172e-02   2.4977698e-01  -6.7477543e-03
   1.7789603e-03   3.9932882e-02  -6.5664693e-02  -2.6585798e-02  -2.0866327e-01  -6.6570685e-03   3.3042332e-01  -1.8187346e-03
   4.8731551e-02  -2.6141923e-02  -1.2750763e-01   5.2257721e-01   2.4125817e-01  -1.7607137e-02  -2.5417436e-01   4.3855502e-02
   1.4764532e-02  -4.0393567e-02  -1.3882882e-01   3.8375798e-01  -1.0238617e-01   4.9242471e-02  -2.0716536e-01   1.8682588e-01
   5.3897202e-02   5.5156428e-02   8.6113263e-02  -3.9508318e-01  -6.7366285e-02   1.3508345e-01   4.3986434e-01  -1.0923182e-01
   2.9050521e-02   1.8328837e-02  -6.9807782e-02  -5.1333182e-02  -2.2423341e-01   1.5925309e-01   2.4308015e-01   5.4264199e-02
   4.1218921e-02  -9.0089510e-04   6.9852607e-02   1.1593360e-01  -1.1790880e-02   2.6926612e-02   7.5189022e-02   1.0287433e-01
   3.8942205e-02   5.1475730e-03   3.3631165e-02  -2.7175123e-01  -4.7921974e-02  -1.8670564e-02   3.1099036e-01  -1.3562364e-01
  -7.1548232e-02  -4.8695088e-02  -1.1584505e-01   4.2626785e-02   7.6677548e-02   1.3770641e-02  -6.0539159e-01  -1.0319786e-02
   1.2891144e-02   5.1453316e-02   9.7728693e-02  -4.1891903e-01   2.2454177e-01   1.1056812e-01   4.9393355e-01  -5.6473860e-02
   4.4398879e-02  -4.0997370e-03   8.6273239e-02   3.2030728e-01  -1.5443194e-01  -7.7086359e-02   2.4530056e-01   2.1842001e-02
   2.3181592e-02   2.1980214e-02  -2.7771321e-03  -1.2928542e-02   2.7379644e-02   4.4549652e-02  -5.7513222e-01   1.5458948e-02
   2.1231943e-02   2.3475277e-02  -9.4230509e-02   1.3920348e-01  -3.7546226e-01  -1.3707659e-01  -5.4389464e-01   1.1491581e-01
  -6.4378293e-02   1.3305161e-02   5.3133484e-02   2.8778148e-01   2.0917871e-02  -1.8701855e-02  -2.2144188e-01   9.8042376e-02
  -9.0304134e-02  -5.6933231e-02   5.6508999e-02  -3.1726140e-02  -2.4578008e-01   3.7610686e-02  -8.9541821e-01   9.5198580e-02
   3.6049321e-03   8.5210093e-03  -1.1587094e-01   7.1518130e-03  -6.5060894e-02   7.9520693e-02  -1.2331423e-01   2.4528909e-02
   8.5229606e-03  -8.4687063e-02   1.3333342e-01   2.1351038e-01   3.0201178e-03  -5.3639418e-02  -1.9562839e-03   2.3827162e-02
   1.3068725e-02  -9.9759517e-03   1.6533045e-01   3.1437157e-01  -2.0548112e-01  -1.3025235e-01   1.5477318e-01   5.0195385e-02
  -5.3305795e-02   1.9442757e-02  -2.6036361e-02  -6.6063404e-01   3.9573992e-01   3.2781593e-01   2.4773851e-01  -4.3071990e-02
  -8.8654468e-02  -5.8686789e-02   1.5715496e-01  -2.0839484e-01   1.1462391e-01  -6.0114395e-03   2.5985818e-03   1.0029686e-01
   4.4966494e-02  -3.7273701e-02   6.1309775e-02  -1.1464526e-01  -4.3141685e-02  -2.3102306e-01  -7.3559496e-02   1.2865232e-03
   1.1225598e-01  -1.8312055e-02   2.4325054e-02  -1.1410296e-01  -1.4119587e-01   3.4196660e-02   2.9906002e-01  -2.0895118e-02
   2.7137273e-02   2.6179599e-02  -1.3209757e-01   3.1373753e-01  -2.2970065e-02  -1.5738680e-01  -6.6821219e-02   5.6877804e-02
   6.4307594e-02  -3.5719954e-02  -2.6718192e-02   3.9505372e-01  -2.9217714e-01  -5.5353340e-02  -3.4064766e-01   1.1832781e-01
   5.6455373e-02   1.6024434e-02   1.1052795e-01  -4.8784068e-01   1.3130385e-01   1.6764517e-01   3.5381240e-01  -1.2422998e-01
   2.9380482e-02   3.3318498e-02  -1.2460339e-02  -2.2488591e-01  -1.4561161e-01  -4.3662697e-02   1.7263706e-01   2.4964512e-01
   6.0308535e-02   5.3360207e-02   7.0049777e-02   1.0218561e-01   2.3846777e-01   1.1924051e-02   7.1487874e-02  -1.3781564e-02
   5.8795191e-02  -4.6535176e-02   2.6192040e-02  -4.4521255e-02  -3.6391105e-02   3.4106167e-02   3.1669124e-01  -1.0181464e-01
  -4.6401948e-02   4.2796389e-02  -8.2911852e-02  -3.9190053e-02   1.0783677e-01   1.3444827e-01  -6.4807679e-01   3.2662634e-02
   1.2210425e-02   2.7183654e-02   3.9348423e-02  -4.8911928e-01   1.5757545e-01   1.9858164e-01   4.3518563e-01  -1.6540059e-01
   1.9302273e-02  -6.8776601e-02   8.6576670e-02   2.5507982e-01  -2.4832854e-01  -8.7864542e-02   1.8977367e-01   5.9128512e-02
  -9.8276455e-03  -6.8931999e-03  -8.5793171e-02   7.8917575e-02   1.1611041e-01   8.5003021e-02  -6.4059473e-01  -1.4098357e-01
  -1.3730021e-02  -4.3060624e-02   5.2187406e-03   1.0815217e-02  -3.8458629e-01  -7.4471609e-02  -5.4490743e-01   1.3639180e-01
  -8.2991939e-02   3.1513737e-03   3.1956329e-03   2.6529854e-01  -2.6840574e-01  -6.1946663e-02  -8.1203580e-02   3.8257843e-02
  -4.2815501e-02  -1.3330519e-01   1.2318541e-01  -5.7670958e-02  -3.4184527e-01  -1.2836803e-01  -8.7443602e-01   1.1966270e-01
   1.5066206e-02  -1.5825899e-02  -2.3098765e-02   5.6257123e-02  -6.1621993e-02  -1.7903418e-02  -7.4379884e-02   7.4209654e-02
  -4.3981991e-02  -9.0910911e-03   1.2199323e-01   2.9267472e-01  -1.9549622e-01  -9.3164350e-02  -1.3234801e-01   1.3159636e-01
  -1.9853763e-02  -6.6259967e-02   1.4637987e-01   1.0997465e-01  -8.3878159e-02  -1.1749240e-01   2.5712722e-01  -4.5381118e-03
  -1.5663976e-02   2.7270838e-02  -4.9778261e-02  -3.9095996e-01   5.4397418e-01   2.8275187e-01   3.5420524e-01  -1.8637215e-01
  -7.5227844e-02  -5.3262605e-02   1.0846392e-01  -1.1003862e-01   1.5900959e-01   3.0796620e-02   2.4414427e-01   3.4278879e-02
  -1.5069873e-02   2.7585188e-02   1.3279452e-01  -2.2527380e-01   1.8841147e-01  -1.4955803e-02   1.6534091e-01   1.1187956e-02
   2.0297325e-02  -3.0599628e-02   5.2634630e-02  -1.9367133e-01  -1.3744917e-01  -3.9743038e-02   2.3182537e-01  -1.5477042e-02
   7.4090843e-02  -1.0911128e-03  -1.4030240e-01   4.8186288e-01  -3.6179387e-02  -5.2885010e-02  -3.7992746e-01   2.0786657e-02
   5.1949702e-02  -2.5559285e-02  -5.2412252e-02   3.1649790e-01  -4.3828395e-01  -1.5924498e-01  -3.4759887e-01   6.9068181e-02
   4.2774349e-02   1.4064549e-02   2.3180784e-02  -3.7400092e-01   3.9475898e-02   2.4898550e-01   2.5811854e-01  -8.7667883e-02
   1.0985420e-01  -8.6860691e-03  -7.9018948e-02  -2.3799398e-01  -1.3432417e-01   8.5126082e-02   2.3408241e-01   1.2771044e-01
   2.2358234e-02  -3.7084425e-02   5.7026757e-02   9.5830653e-04   2.5537018e-01   2.1394929e-02  -2.4794527e-02  -1.5740092e-01
   2.1594938e-02  -9.4212599e-03   7.3114944e-02   7.1019762e-03   1.0887828e-01   2.1367956e-02   4.0873872e-01  -5.8217377e-02
   2.6707739e-02  -5.5332528e-04  -6.0083408e-02  -8.7370131e-02  -1.8409272e-01   7.1937235e-03  -4.0776852e-01  -1.0046960e-02
   1.0890891e-02  -3.3245225e-02   1.3146225e-01  -3.3107281e-01   3.0661662e-01   1.9742184e-01   4.2952006e-01  -8.3217399e-02
   1.9661398e-02   3.8265171e-02   6.6767940e-02   1.2119030e-01   4.0103351e-02  -1.6141116e-03  -2.3835792e-01  -4.1427137e-02
  -5.2498629e-03   3.5772808e-02  -1.0892544e-01   2.8009485e-01   1.4884684e-01   3.7292866e-02  -4.2422712e-01   5.9124905e-03
  -4.8662889e-02  -8.2914465e-02  -5.6435476e-02  -8.5373268e-02  -3.6061487e-01  -2.7262501e-01  -6.8146441e-01   2.1714708e-01
  -5.7310559e-02  -7.2390741e-02   6.4160534e-02   2.7517623e-01  -2.8672308e-01  -8.9100756e-02  -1.6796839e-01   8.0857168e-02
   8.4438462e-03  -3.6701505e-02   2.4971889e-02  -3.2530365e-03  -5.0977558e-01  -1.7297028e-01  -6.4591941e-01   1.2773512e-02
   9.9701721e-03  -2.0608744e-02   2.7938648e-02  -1.0337966e-01  -5.0620498e-02   1.8100792e-03  -3.8559215e-02  -1.2751898e-02
  -7.7081623e-02   2.4356356e-03   1.8418663e-02   7.8264898e-02   8.3498621e-02  -3.9696026e-02  -4.6258229e-02  -2.2613225e-02
   3.0349092e-02  -6.7913634e-02   1.1885493e-01   5.4770167e-03   1.5453547e-01  -4.2635244e-03   1.8191876e-01  -3.2379780e-02
   3.8639491e-02   7.7183701e-02  -9.9005542e-02  -3.6298360e-01   5.3406200e-01   1.6592589e-01   2.8326995e-01  -9.6818486e-02
   3.3812109e-02   2.2867344e-03   7.1521407e-02   7.8430629e-02  -6.4187809e-02   2.9000709e-02   3.4904592e-01   7.1709935e-02
   4.8554088e-02   1.9166484e-02   1.1238712e-01  -2.2656645e-01   6.6261590e-03   3.1326799e-02   2.5942127e-01  -9.1094596e-02
   7.1289850e-02   8.1158507e-02   8.0203686e-03   4.9471420e-02  -4.6638210e-02  -9.8786300e-03   4.8999758e-03  -3.9919865e-02
  -1.8872232e-02  -8.3844096e-02  -8.6948601e-02   4.9966418e-01  -7.7389044e-02  -4.7798558e-02  -5.4357292e-01   1.2942020e-01
  -2.0901237e-02   1.0546896e-02  -6.9635251e-02   3.8714376e-01  -8.4825905e-02   4.5451827e-02  -2.5510044e-01   5.7931291e-02
   9.3598918e-02   2.8719357e-02   1.3292414e-01  -3.2516639e-01   8.7722228e-02   9.9500091e-02   3.2263424e-01  -1.6630290e-02
   3.7906328e-02   2.0224924e-02   3.3453311e-02  -7.1483844e-02  -7.7594818e-02  -4.5259460e-02   1.5274994e-01  -2.3417178e-02
  -2.4014324e-02  -2.8113816e-02   3.6933288e-03  -1.5943473e-01   3.0796974e-01  -6.1955498e-03   1.1100445e-01  -4.5664841e-02
  -1.7604119e-02   1.1682628e-04   2.1018950e-01  -1.0732419e-02   8.7697042e-02  -2.0893951e-02   2.3968991e-01   3.3679897e-02
  -4.0340969e-02   1.4230988e-02  -1.0353653e-01  -2.1616302e-01  -1.6603937e-01   1.8132156e-02  -4.4001268e-01  -2.8041601e-02
   2.1539849e-02   1.0299521e-02   2.2431781e-01  -4.9872127e-01  -1.1888552e-02   6.1754472e-02   2.9225720e-01  -2.2883082e-02
  -1.0642743e-01  -9.8941746e-02   1.8875016e-01   3.4802780e-01  -3.6228089e-01  -1.4050789e-01   6.2984511e-02   8.2691785e-02
  -4.0656408e-02   4.9263917e-02  -3.8373342e-02   1.6229934e-01   9.2034426e-02   1.0675960e-01  -4.5976520e-01  -1.9143042e-02
  -7.7357084e-02  -7.5203861e-02  -1.2096046e-01  -1.0811371e-01  -4.0891952e-01  -1.9151931e-01  -3.8794761e-01   2.3158219e-01
   2.4891151e-02  -7.3850432e-02  -7.6018803e-03   2.8034498e-01  -1.5729117e-01  -1.1529911e-01  -7.3704366e-02   7.9412510e-02
  -2.9012722e-02  -1.0019613e-01   5.3246290e-02   1.9734177e-01  -4.0397655e-01  -2.0007507e-01  -4.0838844e-01   7.5778372e-02
  -5.7468556e-02  -1.0055200e-03   4.1602844e-02  -1.3876735e-02  -7.9920669e-02   3.8751290e-02   2.4867877e-02   2.1774107e-02
   7.2963631e-02  -2.1596841e-02   4.8652767e-03  -1.0751725e-01  -5.6839335e-02   2.7893536e-02  -1.8055348e-02   1.4242676e-02
   3.4509641e-02   7.8023873e-02   1.2438942e-01   1.3474862e-01   2.1018429e-01   1.4128777e-01   2.5471002e-01  -7.9373397e-02
   5.5683530e-02   2.9727486e-02   2.6547496e-02  -3.6736119e-01   3.0148242e-01   1.6064364e-01   9.4661691e-02  -5.2862028e-02
  -2.9977051e-02   1.4308053e-02  -2.1086911e-02   1.1502019e-01   2.5257672e-01   6.1695404e-02   2.3382130e-01  -6.4059192e-03
  -2.8688243e-02  -1.1049356e-02   1.0547575e-01  -1.1369350e-01   3.1722915e-01   3.8636560e-02   1.1015300e-01   5.1547838e-03
  -4.4734837e-02  -1.5340768e-02   1.2716767e-01   2.1483911e-03  -1.9204068e-01  -9.7203098e-03   1.4321348e-01   8.4259228e-02
   2.4322417e-02   7.6973853e-02  -1.5336225e-01   6.4274167e-01  -4.5169033e-02  -9.7216292e-02  -6.0834269e-01   6.1864779e-02
   2.9704343e-02  -3.6645939e-02  -1.1995550e-01   2.4946916e-01  -3.6219497e-02   3.8017029e-02  -1.7908106e-01   3.3097738e-02
  -5.2903908e-02   4.4664863e-02   1.2221186e-01  -2.5707656e-01   8.7707421e-02   1.6314999e-01   1.9285819e-01  -1.1794882e-01
  -6.2890098e-02   9.1461185e-03  -1.4845029e-02  -1.9400051e-01  -2.6592002e-01   6.6358045e-02   4.5811361e-02   4.3538588e-02
  -5.3872580e-02  -7.5683024e-03  -1.0264679e-02  -7.6597456e-02   3.4365290e-01   9.2875955e-02  -4.6355673e-02  -6.2911359e-02
  -2.3515604e-02   1.2638037e-02   1.3053010e-01  -8.2771666e-02   3.1008929e-01   6.0274115e-02   1.1284415e-01  -7.9720750e-02
   9.8000229e-03   3.6914200e-02   4.4760496e-02  -1.5176868e-01  -2.7180171e-01   6.6412598e-02  -1.3718585e-01   5.3055895e-02
  -5.0442287e-02  -9.0620687e-02   2.1824694e-01  -6.0968298e-01  -1.9727598e-01  -5.1175231e-02   1.9411593e-01  -9.1468495e-02
  -5.0844827e-02  -1.3873967e-01   1.5575236e-01   3.3499803e-01  -4.9225308e-01  -1.4440014e-01  -2.6363643e-02   1.8085818e-01
  -5.0894311e-03  -5.4135551e-03  -7.5469005e-02   2.4473748e-01  -2.5650656e-01  -9.5103659e-02  -1.9818053e-01   3.1533222e-02
  -4.9571523e-02  -5.8973320e-02  -5.9978396e-02  -1.0244457e-01  -1.8932700e-01  -6.1168342e-02  -1.7566250e-01   1.2330314e-01
  -2.9913356e-02  -8.9278077e-02  -1.8025657e-02   2.4384324e-01  -1.3317424e-01  -9.8289384e-02  -2.8517474e-01   4.2299603e-02
   2.1173783e-02  -1.1576574e-02  -6.7717380e-02   1.8767512e-01  -2.0026405e-01  -3.3168938e-02  -2.5479805e-01  -4.3643473e-03
   5.6067462e-03  -1.0872501e-02   1.1223874e-02  -5.5067576e-02   1.0385693e-02   3.4177097e-02   2.5314389e-02   1.0368594e-01
   8.0583721e-04  -5.3677619e-02   2.9503067e-02  -7.6577889e-02   4.7209379e-03   1.0627034e-01  -3.4446432e-01   5.8826165e-02
  -3.5779695e-02  -6.9448261e-02   1.8078348e-01   1.4992108e-01   2.7672998e-02  -8.7695717e-02   2.4230003e-01   1.8604300e-03
   1.4085616e-02   4.5706309e-02  -2.0111288e-02  -3.5611320e-01   1.3162480e-01   1.7254610e-01   2.0154860e-01  -1.7407677e-01
   6.5177517e-02  -4.3144303e-02  -1.4846582e-03  -1.2372169e-02   3.3510841e-01   1.8675445e-01   1.7446496e-01   1.6841060e-02
  -5.9433006e-02   3.6327106e-02   3.9283284e-02  -1.3369068e-01   3.5462851e-01   8.7595679e-02   1.5601704e-01  -6.0668798e-02
  -1.0022861e-02   4.8459880e-03   8.0564708e-02   2.1192575e-01  -1.5958706e-02  -9.6366226e-02  -2.6977570e-02   7.7465808e-02
   3.6080013e-02   9.6415044e-03  -1.2554839e-01   5.3518926e-01  -9.3854209e-02  -9.7708093e-03  -3.3467222e-01   1.0830122e-01
   7.7458846e-02   4.8513015e-02  -1.1227552e-02   3.8307729e-01  -1.8494908e-01   1.4018921e-02  -1.0035672e-01   5.5106300e-02
  -1.4034568e-02  -3.7480590e-03   1.8192953e-02  -2.7074657e-01   1.0177175e-01   9.9358496e-02   1.8448210e-01  -1.0862344e-01
  -5.3813769e-02  -5.8762322e-03   4.0098492e-02  -2.3405205e-01  -1.3772099e-01   8.7488866e-02  -9.0747232e-02  -8.5881238e-03
  -2.9756016e-02   3.7641948e-03   2.9250474e-02  -1.2366694e-02   1.4249321e-01   6.1949045e-02  -2.2099083e-01  -1.0876773e-02
   1.4444114e-02  -7.1079228e-03   1.2402591e-01  -2.4345363e-02   1.5951929e-01  -1.5231096e-02   9.4479656e-02   6.6721838e-02
   4.4414459e-02   7.2843711e-02   3.2699127e-02  -2.8245145e-01  -2.2163251e-01   3.4573217e-02  -9.9898974e-02  -1.0635956e-02
  -8.3426180e-02  -7.3253894e-02   2.3095496e-01  -6.1693344e-01  -2.3475119e-01   2.2114077e-02   2.2954023e-02  -1.9312547e-02
  -4.8761274e-02   7.1201106e-04   5.2944142e-02   1.6209627e-01  -1.6197169e-01  -3.1064046e-02  -1.0457472e-01   8.7494675e-02
   2.5494524e-02   4.8619164e-02  -7.1695171e-04   1.3625361e-01  -2.6090377e-01  -9.0758239e-02   1.1326169e-01   8.0024781e-02
  -6.1757778e-02   2.7092595e-02  -4.1876630e-02   6.8756524e-03  -2.0675656e-01  -5.7604776e-02  -3.1884740e-01   1.3424590e-01
  -2.6968564e-02  -3.8509562e-02   5.0454820e-02   1.2501838e-01  -1.4871741e-01   6.6533657e-03  -2.7606519e-01   1.0468659e-01
   9.3480448e-03   9.3477527e-02   5.0019053e-02   2.0101055e-02  -3.4757772e-01  -5.2584331e-02  -7.5924712e-02  -1.3862178e-03
   6.5647101e-02  -2.7554339e-03  -7.9482646e-02  -2.2199677e-02  -3.8840976e-03   3.4237382e-02   3.6626315e-02   6.0798041e-02
  -1.4115753e-01  -6.7146855e-02  -2.7324775e-02  -3.9884486e-02  -2.0023948e-01   1.0381756e-02  -2.5006296e-01   7.3323279e-02
   2.3546135e-02   7.5480725e-03   1.2714045e-01   1.0211695e-01   2.9842398e-01   1.8733788e-02   1.0721883e-01  -2.9787882e-02
   2.0445236e-02   8.7719153e-02  -2.2724286e-02  -1.4223461e-01   3.2775167e-01   2.0018075e-01   3.0885075e-01  -3.5020285e-02
   6.6032445e-02   7.7815795e-02  -1.1289194e-01   5.1686738e-02   2.8889966e-01   8.1523042e-02   2.0433594e-01   2.4179804e-03
  -1.1910338e-01   2.0787837e-02  -1.2840331e-02  -2.3733338e-01   2.6318848e-01   1.5171244e-01   1.6029763e-01  -3.4208591e-02
  -3.8402556e-02  -1.0908967e-01   1.3083354e-01   1.9150959e-01  -1.2442027e-01  -1.1190906e-01   1.3613101e-01   5.1684214e-02
   7.0723567e-02  -6.9996164e-02  -1.3502500e-01   6.1327379e-01   6.3940391e-03  -4.7246184e-02  -2.6845643e-01   5.0136747e-02
   5.8086586e-02   8.4468782e-02  -4.4610953e-02   3.2961284e-01  -2.3504889e-01   6.9064291e-03  -2.5717285e-01  -7.2828586e-02
  -2.8653252e-02  -6.2176772e-02   1.1204943e-01  -3.8230317e-01   3.6524246e-03   7.4811235e-02   6.9693408e-02   5.1442303e-02
  -6.7860308e-02   2.9368795e-02  -9.8537443e-03  -1.0606400e-01   1.3986799e-01   9.0461348e-02   4.9241773e-02  -7.1229410e-02
  -5.8358055e-02   5.5812341e-02   1.7153746e-01  -9.4499397e-02   1.4747911e-02   4.0008136e-02  -1.7641347e-01   6.1577039e-03
  -7.7212181e-02  -9.0880561e-02   2.2447772e-01  -1.6701979e-01   1.9201582e-01   2.1579207e-02   1.2702038e-01   9.2083968e-03
   2.1657159e-02   6.5439428e-02  -1.3098578e-01  -2.9471586e-01  -1.3803710e-01   1.3718667e-02  -2.4473082e-01   4.1205936e-02
  -1.2238196e-01  -9.1462317e-02   2.3234030e-01  -4.6909115e-01   1.1765516e-01   6.5294465e-02   6.3207527e-02   1.2554445e-02
   6.5184232e-02  -5.1083655e-03   7.5160187e-02   4.2070998e-02   5.9563492e-02  -1.0804352e-02  -3.0744152e-01  -5.5377313e-02
   2.9234521e-02   5.5806692e-02  -8.5259425e-03   2.6614331e-01  -2.7690501e-01  -1.1842403e-01   3.0980753e-01   1.3990283e-01
  -5.1270508e-02   6.8056675e-03  -3.3016513e-02  -4.1683154e-02  -2.4251257e-01  -1.1362892e-01  -2.1393621e-01   1.7791777e-01
  -2.9661778e-02   1.9038751e-02   8.2330235e-03   2.4668946e-01  -1.9268834e-01  -9.1879653e-02  -9.9231865e-02   3.0920173e-02
  -2.6022048e-02   5.1644338e-02   8.2139570e-02   1.7223387e-01  -2.0998747e-01  -1.9734458e-01  -2.3660434e-01   7.1479833e-02
   3.5618402e-02  -5.7330651e-02  -1.4868755e-01  -1.0648376e-01   2.5014910e-02   1.0239892e-01   8.5712531e-03  -6.3235025e-02
  -1.9475509e-02   9.8014066e-02   1.2563780e-02   2.3433124e-02  -2.5416892e-01  -7.7040562e-02  -4.5521666e-02   6.4317796e-02
  -2.8348756e-02   3.4494911e-02   6.8336520e-02   9.2636293e-02   2.8932241e-01   2.2388409e-02   6.9204905e-02  -5.0150517e-02
   3.2659112e-04   8.1954021e-02   1.7067758e-02  -1.6614062e-01   3.5675284e-01   5.0625123e-02   1.5766347e-01  -1.0371291e-01
   1.5927089e-02  -2.9634857e-02   3.4741442e-02   4.9002855e-02   2.2842357e-02  -2.2781993e-02   5.6453931e-02   1.1038598e-01
  -8.9721714e-02  -3.9674274e-02   5.9795104e-02  -2.2925330e-01   1.7981585e-01   5.8739811e-02   7.3421694e-02   2.0628897e-02
   4.6466841e-03  -8.3426979e-02   5.9338084e-02   1.4113591e-01  -1.8211630e-01  -5.2564666e-02   9.7726747e-02  -2.5627624e-03
   1.0780018e-02  -3.3947212e-03  -2.3224713e-01   5.0741871e-01  -2.5005556e-03  -8.7424869e-02  -8.6523870e-02   2.8206471e-02
   6.1403023e-02   4.0965272e-02  -1.8279018e-01   2.9007810e-01  -3.1955158e-01  -5.7652686e-05  -1.4164588e-01   7.8865964e-02
  -6.5441864e-02  -3.3097440e-02   1.1144196e-01  -3.7014580e-01   5.9236894e-02   2.4699823e-01  -8.3196949e-02   8.5605608e-03
   1.4813013e-02   7.9052710e-02   1.1520717e-01  -1.6549842e-01   5.7031492e-02   1.2588227e-01   2.1559107e-02  -1.6508445e-02
  -2.6954680e-03   5.2193752e-02   6.6668620e-02  -3.3332483e-02  -2.9904873e-01  -2.6401810e-02  -1.8950991e-01   2.5880107e-02
  -1.2972467e-02  -1.0153156e-01   1.4049119e-02  -1.1973244e-01   2.5539582e-01   1.2108226e-02   4.7533366e-03   3.7288599e-03
   8.9704622e-02  -5.0742031e-02   2.2411976e-02  -2.4897063e-01  -3.8717898e-01   5.1618353e-02  -2.2338925e-01   4.5298479e-02
  -6.1197157e-02  -9.1367872e-02   1.8349146e-01  -3.9856143e-01   2.7462406e-01   1.1050185e-01   1.9956506e-01  -4.3440596e-02
  -1.9777733e-02  -5.3090523e-02   9.9163561e-02   2.1304209e-02  -9.7176038e-02   6.5473731e-02  -1.5496129e-01   8.1841682e-02
   1.1908800e-02  -6.5428980e-02   3.0099641e-02   1.8534289e-01  -2.0477697e-01  -5.9140623e-02   1.3087068e-01   9.3617300e-02
   2.5320616e-02   4.1311510e-02  -5.0207014e-02   2.0993362e-01  -1.6580898e-01  -3.5916005e-03  -1.9892170e-01  -6.5626289e-02
  -4.2988610e-02   4.0228981e-02  -7.8318161e-02   1.4265764e-01  -7.2755221e-02  -5.3992768e-02  -1.9060139e-01  -3.6033100e-02
   6.3757805e-03   2.5891877e-02   3.5611563e-02   4.3363211e-02  -3.6458851e-01  -1.0733870e-01  -6.3992471e-02   1.2547191e-01
  -8.6598591e-03  -1.3003983e-02  -6.2768413e-02   3.0796017e-02   1.0347820e-03  -1.8199501e-02  -1.3962274e-02   5.1720970e-02
   7.3975169e-02   1.7892275e-02  -2.0611470e-02  -5.0347380e-02   1.4813839e-01   7.8316956e-02  -1.4062305e-01   2.9796450e-02
  -2.7570088e-02  -5.4443606e-02   1.0331908e-01   8.8772385e-02   3.8062110e-01  -1.0034530e-03  -1.5606216e-02  -3.5190857e-02
   2.5360662e-02   3.8801063e-02  -3.9662374e-02  -2.7079857e-01  -1.0652298e-01   1.1169718e-01  -3.4465057e-03  -3.4622078e-02
   2.7653089e-02   9.3955299e-03   6.3261477e-02   1.6850084e-02  -2.0547442e-01   2.5201729e-03   2.4200738e-01   1.2948834e-02
  -2.1418997e-02   1.8241873e-02   6.9666514e-02  -1.8708113e-01   1.3678774e-01   1.4149209e-01   2.8388670e-02   7.2831903e-02
   3.2579497e-02   1.8331720e-03   9.3209870e-03   4.5815976e-02   9.2998669e-03   4.6893098e-02   1.2432189e-01  -2.8015433e-03
   1.2453585e-01   1.7114472e-02  -5.6925289e-03   6.0431260e-01  -1.1571008e-01  -1.6099044e-01  -2.5718090e-03   1.3088319e-01
   9.7425885e-02   1.6741509e-01  -1.9748668e-01   2.0498264e-01  -3.0481607e-01   2.1130287e-02  -2.7544443e-01  -7.2249341e-02
  -3.2488267e-02  -8.8466789e-02   5.3289073e-02  -2.1882881e-01   3.2559237e-01   5.9556570e-02  -2.2255313e-02   1.1253255e-02
  -2.4343075e-02   9.8260889e-03   6.5710850e-02  -2.3449564e-01  -2.8467993e-02   5.1903894e-02  -1.1414676e-01   3.0685378e-02
   2.8512146e-02  -4.8627621e-03   9.2290235e-02  -1.7050707e-02  -3.0805669e-01  -6.9972692e-02  -1.0622793e-01   3.4616077e-02
  -8.7415971e-03  -9.9943941e-02   1.0466698e-01  -8.6493756e-02   9.7845642e-02   4.2414391e-02   8.1916970e-02   7.0347156e-02
   9.1264796e-02  -6.9512369e-02  -4.2648651e-02  -7.6164324e-02  -3.2629131e-01  -6.4864082e-02  -7.9408740e-02   7.6348682e-02
  -5.1877770e-02  -1.3470992e-01   2.1256710e-01  -3.7776520e-01   2.7416037e-01   2.0416928e-01   1.3184507e-01  -1.4530584e-02
  -1.6573929e-02  -2.0103677e-02   3.4046699e-03   3.8063915e-02   6.0806645e-02   6.7054561e-02  -1.2727651e-01   2.2126848e-02
   4.3498037e-02  -9.3926446e-04  -7.0643013e-02   9.9219994e-02  -5.1881605e-02  -1.7288582e-01  -1.2865692e-02   6.6688674e-02
   6.6949109e-02   2.4349752e-02   3.6366284e-02   6.9578281e-02  -4.0955750e-01  -9.8183087e-02  -1.8552474e-01  -2.1617340e-02
   6.9496679e-02  -4.2559552e-02  -5.9495412e-02   2.1357958e-01  -1.9119182e-02  -2.1375432e-02  -1.9123139e-01   7.6435703e-02
   2.8975076e-02   3.6829040e-02   8.0396348e-02   1.1408146e-01  -4.4197086e-01  -6.9509809e-02   1.1632393e-01  -6.4895205e-02
   3.4444322e-02   3.6263128e-03  -8.3932428e-02  -1.5681098e-02   1.7732470e-01   4.6559513e-02   1.8136032e-02  -2.5993249e-02
   1.0511382e-03  -3.1263938e-02  -1.5346038e-02   9.5690200e-02   5.0363152e-02   8.6330359e-02  -1.8836016e-02  -2.3059869e-02
  -8.5769238e-02  -1.7615678e-02   2.8917471e-02  -1.0003600e-01   3.0575802e-01   1.4705729e-02  -2.9591603e-01  -9.0635894e-02
   2.5642424e-02  -5.5646998e-02   6.5924848e-02  -3.4842687e-01  -1.4582774e-01   3.2910983e-02  -5.4916752e-02   2.8847928e-02
   8.3929854e-02  -2.4397791e-02   2.1745030e-02  -9.6410717e-02   5.5839418e-02   1.1510760e-02   3.2911249e-01  -2.2553138e-05
  -4.4413308e-02  -3.8633430e-02  -4.7013655e-02  -2.2099457e-01   2.5179749e-01   3.6256120e-02   1.2705828e-01  -9.7234572e-02
  -9.0400519e-02  -9.4800446e-02   6.0303900e-02   1.6883398e-01  -7.4266624e-02  -5.3951312e-02   2.2597768e-01   7.3529660e-02
   5.0440766e-02   5.7014450e-02  -8.2201444e-02   5.5371213e-01  -3.1211175e-01  -1.2478137e-01   5.6187396e-02   7.6983901e-02
   1.1447233e-01   1.5174879e-01  -1.2102484e-01   2.1319615e-01  -2.1187688e-01  -1.9924612e-02  -1.1825366e-01   3.4921032e-02
  -6.4252851e-02  -3.1016801e-02   6.0507488e-02  -1.6270995e-01   2.3736974e-01   9.7201311e-02  -2.1943214e-01   4.7034769e-02
   2.5911069e-02  -7.3096607e-02   9.9195549e-02  -1.4784416e-01   1.8727739e-02   5.4603657e-02  -2.3912900e-01  -2.0081957e-02
  -1.3740788e-02   4.3220686e-02  -4.2115696e-02   1.9475393e-01  -1.5138508e-01   6.5768228e-03  -1.8634873e-01   9.5232628e-03
  -4.1403199e-02  -2.0730817e-01   1.8162095e-01  -1.3939018e-01  -5.6359128e-02   3.8482610e-02   1.4410671e-01   4.8190283e-02
   3.8224807e-02   2.6406456e-02  -2.9860768e-02   9.0255996e-02  -4.2353441e-01  -1.3577776e-01   2.0490299e-01   6.8844105e-02
  -1.4494864e-01   1.1710983e-03   8.0240369e-02  -2.9098051e-01   1.4538500e-01   4.7524077e-02   2.5806147e-01   1.9246718e-02
   2.3882723e-02   1.4473142e-02  -8.9261643e-02  -2.6320464e-02   1.9481019e-01   3.2796585e-02  -3.0080591e-01  -6.2988712e-02
  -1.9464994e-02  -7.1267527e-03  -7.3444453e-02  -4.9372228e-02  -9.1454300e-02   5.1845190e-02  -5.0840888e-02  -6.8532265e-03
   9.8075080e-03   9.4614630e-02   1.2282256e-02   1.1191086e-01  -1.9958772e-01   7.4099002e-02  -1.0178513e-01  -2.3595238e-02
  -1.3212382e-02   5.5074146e-03   1.0745465e-02   2.7455395e-01   5.9868057e-02  -7.2095605e-04  -2.6454309e-01   4.4732914e-02
   1.5472212e-02   9.1392356e-02   4.9204319e-02   1.0615561e-01  -4.8831382e-01  -2.1590973e-01   1.8334048e-01   3.9638707e-02
   2.2131924e-02  -2.8940632e-02  -1.2421148e-01   1.4866930e-01   3.2256831e-01   3.9942938e-02  -1.1183181e-01   3.6974730e-02
  -1.8525936e-02   3.9347215e-02   6.0839869e-02   1.2162121e-01   6.0809460e-02   1.0633817e-01  -2.3578784e-01  -1.9034324e-02
  -1.4118742e-01  -1.1322540e-02   1.0256023e-01  -1.3470324e-01   3.3640837e-01   5.6275750e-02  -5.9667173e-01  -1.1369215e-01
  -4.6119019e-02  -9.0830965e-04   7.0818268e-02  -3.1779074e-01   1.9970148e-03   1.1025430e-02  -1.2222488e-01   7.6345411e-02
   3.7759864e-03   3.6901247e-02  -5.7338834e-02  -2.1016766e-01  -6.0323487e-02   2.9904805e-02   3.7592129e-01  -1.3501047e-02
  -3.3121264e-02  -2.3863121e-02  -4.1550219e-02  -2.3516532e-01   1.5624247e-01   1.0072943e-01   1.2450068e-02   1.6683027e-02
  -1.2276048e-01  -3.4907928e-02  -1.7224299e-02   4.5211966e-02   5.1953026e-02  -5.4957828e-02   1.0439431e-01  -1.9733407e-02
   3.2950802e-02   1.9352822e-02  -5.2064789e-03   5.0239493e-01  -3.2913789e-01  -1.4512011e-01   8.6784998e-02   6.0127167e-02
   2.2387054e-02   7.2307589e-02  -2.6286846e-02   4.9440188e-01  -4.3175611e-01  -1.1511097e-01   3.5049848e-02   1.4544299e-01
  -8.8768196e-02  -1.1286295e-01   1.1535104e-02  -8.6970708e-02   3.0085140e-01   2.6836452e-02  -1.6376704e-01  -1.4179288e-02
  -8.3331436e-03  -7.2371153e-02   1.1105407e-01  -2.0446116e-01   2.6391188e-03   5.1867310e-02  -2.9155104e-01  -6.4443468e-02
   2.6706786e-02   5.9069338e-03  -6.3213962e-02   4.1879424e-02  -3.8191041e-01  -2.0955403e-02  -8.4619872e-02  -5.1579801e-03
  -7.6343318e-02  -9.6180316e-02   1.4080097e-01  -2.3259015e-01   3.2798364e-02   2.4919537e-02   2.2244667e-02  -3.2426640e-02
  -3.5957997e-02  -2.2718347e-02  -2.4402586e-02   1.7308069e-01  -4.6431858e-01  -7.2385035e-03   1.7793698e-01   1.0456627e-01
  -1.0177994e-01  -8.2622762e-02   1.7021481e-01  -2.3699641e-01   3.6631806e-01   5.2909943e-02   1.8447017e-01   5.5565307e-02
  -2.5905488e-02   8.3661443e-03  -3.7878848e-03  -8.0963495e-03   2.0267544e-01   7.2732975e-02  -2.2844144e-01   6.0487010e-02
   1.2936309e-02  -5.3144438e-02  -6.7971642e-02   4.2424973e-02  -1.5580333e-01  -4.2789830e-02  -1.4283731e-01   5.2897911e-02
   4.7759616e-02   5.1405821e-02  -6.5397732e-02   2.0483226e-01   1.8410739e-01   2.7955477e-02   6.6404609e-02  -9.2818623e-02
  -1.1636495e-02   3.6939070e-02  -1.1790381e-01   1.8149827e-01   6.0110888e-02  -1.3578988e-02  -1.9001040e-01   8.6475923e-02
   1.1052238e-01  -5.3023710e-02   6.4156493e-02   9.5314726e-02  -7.3197235e-01  -9.5280139e-02   1.8678525e-01   4.1268348e-02
  -1.7252969e-02  -7.1361210e-02  -3.0766357e-03   1.4366867e-01   4.3812479e-01   1.0226801e-01  -3.5861478e-02  -6.3736528e-02
  -1.2055553e-02  -5.6306605e-02  -3.7106934e-02  -1.0134971e-01   2.6624806e-01   1.3944694e-01  -1.3468823e-01  -9.1485741e-02
  -4.1518425e-02  -1.4065986e-02   1.5737487e-01  -1.3299967e-01   1.4567780e-01   4.3733391e-02  -4.8701639e-01  -2.2444130e-03
   3.6778626e-02  -4.0748243e-03   7.9943427e-02  -3.4282514e-01  -1.8766826e-01  -5.0441280e-02  -2.1765048e-01  -3.7260852e-02
   1.4067821e-02   8.7824639e-02  -7.5481013e-02  -6.5681494e-02  -1.7733008e-01  -8.4327974e-03   3.6104793e-01   8.5847897e-02
