nin
   580
nhidden
   8
nout
   1
nwts
   4657
w1
   5.1999114e-02   3.7494224e-02   8.3609866e-02   1.0942855e-01   2.8393490e-01   5.4541393e-02   4.4157027e-01  -9.7406424e-02
   2.5416665e-02   1.0235116e-01  -5.2837891e-03   1.8533767e-01  -1.7486000e-01  -7.8170992e-02   4.2496450e-01  -1.3753326e-01
  -1.8102282e-02  -2.0123880e-02   4.5587992e-03  -4.5181418e-02  -4.3341494e-02  -2.2357863e-02   8.8828241e-03   2.0843580e-01
  -5.7485451e-02  -1.6172642e-01   5.7080380e-02   6.9592032e-02  -6.1975474e-01  -5.4141416e-02   8.7569798e-02   2.1162758e-01
   4.8556123e-02   1.4267163e-01  -1.4959095e-01   6.1114797e-02   3.8290245e-01   4.2845303e-02  -1.7223834e-01  -1.7912231e-01
   6.6763285e-02   8.4124029e-04   3.6922506e-02  -3.7851193e-02   9.9261574e-02   4.6724201e-02   1.9034336e-01  -4.0833187e-03
   2.1234993e-01  -4.6555263e-02  -8.6492179e-03   1.1482224e-01   1.4386392e-01  -8.5855663e-02   2.1071907e-01  -4.2415483e-02
   1.6757541e-01   2.2752314e-01  -1.9831175e-03   2.4976402e-01   8.2661668e-02   6.3192536e-02   1.8832321e-01   9.7510926e-02
  -2.5937572e-01  -4.2752815e-01  -8.2423398e-02  -3.6126346e-01  -1.5925044e-01  -3.2431051e-03  -6.1543244e-01   4.2580698e-01
   2.1561388e-02   1.4061005e-02  -4.7120784e-02   1.0099654e-01   5.7035473e-02   3.8429825e-02   1.0860471e-01   1.4593971e-01
   1.6910509e-01   7.7712139e-02  -1.0895983e-03   2.2779205e-01   6.3625131e-01  -6.3933389e-02   5.3873828e-01  -1.2657457e-01
   6.6048488e-02   9.7879003e-03   3.2830344e-02  -6.0043876e-02  -2.8237818e-01   1.2533807e-03  -1.8988708e-01   2.4275804e-03
  -2.2847349e-01  -1.0448942e-01   3.6338051e-02  -1.3533231e-01  -3.0629123e-01   4.9769762e-02  -2.6154545e-01   6.3286331e-02
   4.5585925e-02  -9.9498139e-02   3.8102783e-03  -1.0290570e-01  -5.2083189e-01  -1.5049232e-02  -1.4099602e-01   1.5869154e-01
   6.9351442e-02  -4.6402380e-02  -1.2930712e-01  -1.0761030e-01  -1.2403434e-01  -1.8419899e-02  -1.5374408e-01  -4.7916688e-03
   1.6230813e-01   1.9685369e-01  -3.6364017e-02   1.2342362e-01   5.4989762e-01   2.9121693e-02   3.1027360e-01  -1.7169773e-01
  -1.4007972e-01  -3.0251163e-01   1.7514333e-01  -1.6444911e-01  -3.0149514e-01   6.6340406e-02   1.3087684e-01   2.4672714e-01
   9.0679334e-02   7.3274318e-02   3.0746294e-02   1.2860336e-01   1.4197705e-01  -5.7674738e-03   2.9513819e-01   1.5249158e-01
   9.0284236e-03   1.0192918e-01   6.0222385e-03   1.1631552e-01  -2.2128381e-01  -4.8243764e-03  -4.1713401e-01  -3.2246687e-01
  -4.5490375e-02  -9.9035845e-02  -2.1177555e-02  -8.5119174e-02  -3.8455405e-02  -1.9051537e-03  -2.5013301e-01  -7.0124548e-02
   5.8375102e-02   1.6034262e-01  -3.2037794e-02   9.8424349e-02   3.3366494e-01   6.3419794e-02   1.7301072e-01   1.5356878e-01
   5.5525168e-03   9.6939287e-02   9.4438747e-03   9.3616843e-02  -2.2226137e-02  -1.9457376e-03   7.6080020e-02  -3.9247911e-02
   6.8905723e-02   8.7481794e-02   5.3060855e-02   2.4196339e-02  -9.5779770e-02  -5.8275823e-02   9.8800910e-02   2.2691740e-01
   5.3115743e-02  -2.4541497e-01   2.4078253e-02  -8.4007669e-03  -5.5916868e-01  -9.2480775e-02   7.4001936e-02   2.6631958e-01
  -1.2842740e-01   5.2565607e-02  -1.0438175e-01  -1.5395401e-01   2.5729004e-01  -6.7791118e-03  -1.9227893e-01  -2.6205459e-01
  -2.6941774e-02  -2.2182725e-03   7.3981394e-02   1.2070731e-01   6.7996707e-02   5.0970231e-02   2.8172602e-01   8.7852336e-02
   2.3588593e-01   2.7333368e-02  -3.1118590e-03   1.0941260e-01  -1.0628327e-01  -2.6695569e-02  -1.9649628e-02  -1.2333089e-01
  -1.1419710e-01   3.5146610e-02  -1.2143494e-02   1.1374098e-01   3.8590894e-01   9.7586194e-02   3.9837619e-01   1.7138608e-02
  -1.2224919e-01  -1.9406176e-01  -5.1294664e-02  -1.6191933e-01   2.7122645e-02   6.7353846e-02  -1.9194373e-01   2.5614112e-01
  -2.3280899e-02   4.8555896e-03  -2.6242550e-02  -3.7044774e-02   1.8717383e-01   1.4498601e-01  -9.9353493e-02  -2.9883646e-01
   1.5158279e-01   2.1061193e-01  -5.6960706e-02   2.8452613e-01   1.1230407e-01  -5.7933607e-02   3.7932896e-01  -2.6126168e-01
   2.1591359e-02   4.0746424e-02  -5.9333475e-03  -5.3593832e-02   1.3881043e-01   1.0514325e-01  -1.4411881e-01   1.2492545e-01
   1.8761295e-02  -9.9235222e-03   6.0818685e-02  -1.4299608e-01  -6.6963571e-03  -1.7471167e-02   3.6643321e-02  -6.3417118e-02
  -1.9302220e-03  -1.2556940e-01  -3.0174258e-04   1.1163885e-01  -3.8796315e-01  -7.2506242e-02  -1.6210374e-01   1.4447798e-01
   1.7380105e-01  -1.8539389e-02  -4.0436261e-02   6.4916146e-03  -7.8909059e-02  -1.5756162e-02  -7.5008673e-02   1.2027778e-02
   2.2599728e-01   1.3754222e-01   4.6943927e-03   1.1958510e-01   3.2938768e-01  -1.3784297e-02   2.8218388e-01  -7.6669457e-02
  -4.6823560e-02  -2.4111612e-01   9.2332754e-02  -8.7609905e-02  -1.7412241e-01   1.6684395e-01   1.4170335e-01   2.3454947e-01
  -1.1334615e-01   4.6600963e-02   9.8837123e-02   8.1380903e-02  -1.6983742e-01   1.7183954e-02   2.0976771e-01   9.6222246e-02
   9.3865314e-02   7.3995589e-02  -5.1508298e-02   5.5271994e-02  -5.7322144e-01   3.6036108e-02  -5.5830600e-01  -1.5414158e-01
  -1.0287037e-02  -1.6932486e-01  -5.8723043e-03  -5.0268351e-02  -1.2589239e-01  -1.2045479e-02  -1.6950892e-01   1.1200509e-02
  -1.7947670e-02   6.9870170e-02  -4.4049485e-02   1.3947450e-01   3.0425971e-01   3.9399180e-02   1.2815471e-01   9.0437303e-02
  -3.9489517e-02  -1.5541932e-01   4.7869485e-03   2.4412382e-02   5.5807851e-02  -8.5770930e-03  -2.4305751e-02   1.4843565e-01
   4.9577491e-02  -9.5415816e-02   3.2950334e-02   8.9077603e-02  -2.4875072e-01  -1.5645812e-01   2.1199485e-01   1.8795040e-01
   5.6275141e-02  -5.9628627e-02   4.5037001e-02   9.7864583e-02  -6.1286010e-01  -1.2521568e-01   9.0872641e-03   1.6515163e-01
  -1.0427549e-01   2.4493505e-01  -1.7235438e-02  -1.4588260e-01   6.3543982e-02   4.1513518e-02  -2.9992149e-01  -1.5079234e-01
  -6.5644351e-02  -7.2677765e-02   4.5237856e-02   2.2591058e-02   2.4766124e-01   7.7922301e-02   3.5446140e-01  -4.7583083e-02
  -2.3202885e-02  -4.2428504e-02   4.8129433e-02  -7.6303786e-02  -1.5043396e-01   6.6246547e-02  -4.1994553e-02   9.2629705e-02
  -3.9263808e-02  -4.0609288e-02  -4.2226126e-03   1.1148570e-01   1.9836329e-01   2.3094763e-02   2.5448823e-01   8.5006735e-02
  -1.2082543e-01  -1.0247691e-01   7.6567160e-04  -8.3337138e-02  -9.0655578e-02  -7.7407902e-02  -1.5741646e-01   9.7829601e-02
   1.1560754e-04   1.6122251e-01  -8.3641512e-02   4.3267244e-02   4.2156599e-01   1.6881724e-01  -6.7874811e-02  -2.6332877e-01
   1.7605720e-01   2.7795878e-01  -6.7509885e-02   2.8198487e-01   2.7128360e-01  -6.8760716e-02   3.9147746e-01  -2.9273012e-01
   9.6627313e-02  -2.4490040e-02  -6.8454053e-03  -3.0871320e-02  -5.5376472e-01  -7.7222233e-02  -2.6540573e-01   1.6604106e-01
   1.5485316e-02  -2.1186462e-02  -1.0809656e-02   3.2761071e-02  -7.9722729e-02  -1.0138708e-01   8.1641875e-02  -8.3845980e-03
   7.6059719e-02  -6.1752881e-02   8.9840314e-02   7.6279475e-02  -4.5934977e-01  -6.8351187e-02  -1.3780862e-01   1.2860295e-01
   2.2056235e-02  -2.2939803e-01  -1.3105060e-02  -6.3729593e-03  -3.9915451e-01  -7.4954740e-02  -2.9711495e-01   1.5996206e-01
   2.0397681e-01   5.7070301e-02  -4.0834335e-02   8.4272485e-02   3.0990569e-01  -9.0415072e-03   2.8650007e-01  -1.5896025e-02
  -2.2109533e-02  -7.7823091e-02   1.0202568e-01   6.2912877e-02   1.4680694e-01   5.5074129e-02   5.3096605e-01   1.2920745e-01
   2.7269897e-02   5.8238684e-02  -2.8634562e-02   1.0225857e-01  -1.5478028e-01   3.9368451e-02   1.1936326e-01   7.9290791e-02
  -2.1330448e-02   1.4151723e-01  -1.0604158e-01  -6.4308651e-02  -3.6925338e-01   1.4977164e-03  -4.0887977e-01  -2.3278271e-01
  -3.8750956e-02  -2.0044416e-01   1.1313038e-02  -8.9676023e-02  -2.5143491e-02  -2.7501463e-02  -3.2195139e-02   1.0983907e-01
  -1.9227849e-02   1.5568793e-01  -1.6889678e-01  -4.1322960e-02   5.4704772e-01   1.1397837e-01  -1.9234231e-01   5.6891626e-02
  -1.6331569e-02  -5.7212500e-02   2.6258436e-02   2.8405977e-02   3.9483202e-03  -5.8895401e-02   5.4790741e-02   5.0956074e-02
   1.2534965e-01  -5.7427094e-02   9.1032692e-02   2.7012406e-02  -1.9316962e-01  -1.1849088e-01   1.0765052e-01   1.4369400e-01
  -6.9240824e-02  -8.6388874e-02   8.6371394e-02   6.7551674e-02  -4.5811872e-01  -1.6409933e-01  -6.0315616e-02   1.7524196e-01
   4.0955360e-02   1.0546871e-01  -4.7798909e-02  -4.4006462e-02   3.3563072e-01   7.6392136e-02  -1.3508888e-01  -1.5059316e-01
   5.9412174e-03  -8.7254029e-02   1.7453605e-01   1.9368614e-01   2.6504840e-01   6.8695385e-02   3.9654363e-01  -9.6505214e-02
  -5.5986493e-02  -4.4201199e-02  -3.6193660e-02  -1.6655016e-01  -2.3897493e-01   2.1965235e-02  -4.6724160e-01   1.1717632e-01
   7.8401700e-03  -7.7715946e-02  -1.9215885e-03   1.2480602e-01   9.4007630e-02   5.7950485e-02   2.3071912e-01   1.4838876e-01
   9.0868578e-03  -1.7940153e-02  -4.0145977e-02  -6.4231253e-02   6.5222830e-02  -4.7350735e-02  -1.4533722e-01   6.2560024e-02
   2.0137829e-02   1.7197911e-01   3.2739951e-02  -2.3429720e-04   2.8323765e-01   5.3399656e-02   2.0390754e-01  -2.7541289e-02
   1.2945564e-01   1.5120613e-01  -4.5717291e-02   1.3771008e-01   1.9347593e-01  -4.1617999e-03   3.4700422e-01  -2.5916758e-01
   8.3312434e-02   8.0163288e-02   1.3952926e-02   2.0711388e-02  -4.3084969e-01  -1.0047835e-01  -5.4809969e-02  -7.9476198e-04
   1.5030922e-02  -1.7654930e-01   2.6927361e-02   7.6159969e-02  -1.6896125e-01  -1.2993930e-01   2.4372333e-01   1.5702097e-01
  -8.7124954e-02  -5.9551087e-02   5.1511332e-02  -5.3344979e-03  -5.9115706e-01  -6.2064768e-02  -1.2428601e-01   1.5791847e-03
  -9.7829417e-02  -8.2833472e-02  -2.6777761e-02  -1.0927349e-01  -5.3994608e-01  -1.0346577e-01  -3.8874094e-01   1.0200183e-01
   2.0460368e-01   1.1138040e-01  -8.4924348e-02   9.7128616e-02   4.1594487e-01   1.4266166e-02   1.8041167e-01  -1.2851908e-01
   3.8351361e-02  -1.4719002e-01  -3.4332916e-02  -3.9447133e-02   2.8623828e-01   3.0649424e-02   3.1863082e-01   2.1248269e-01
  -2.1696410e-02  -2.3394944e-02  -2.0647682e-02   2.3622382e-02  -1.7112198e-01   1.5138318e-01  -4.1369415e-02  -4.3123531e-02
   9.9654335e-02   7.5595644e-02  -6.5691497e-02   2.0140805e-02  -4.8618973e-01  -1.3667812e-01  -2.0819686e-01  -2.3354551e-01
   2.0433149e-02  -2.0742158e-01  -6.0688411e-02   3.3014878e-03   1.8067625e-02   5.2456555e-02   1.4954454e-01   1.5711617e-01
  -5.9553832e-02   1.1523485e-01  -1.0580820e-01  -5.7451038e-02   1.5602782e-01   1.1489040e-01  -4.0530433e-01   1.5918258e-01
  -4.0552012e-02  -1.7729664e-01   7.1732511e-02   3.0473707e-02   1.1381111e-01   5.0719977e-02   2.3177398e-01   1.9042096e-01
   2.0855520e-01  -3.2549942e-02   2.6309966e-02   1.4240516e-01  -6.4524734e-02  -1.0561217e-01   1.9649148e-01   9.5507562e-02
   1.5729560e-02  -1.4457808e-01   6.4495633e-02   2.0659224e-01  -2.3189537e-01  -1.3103877e-01   1.2369445e-01   1.7190517e-01
   1.3530475e-01   4.8000372e-02  -1.0677059e-01   4.7274153e-02   4.7739753e-01   1.2779252e-01  -6.5078798e-02  -2.7665991e-01
   7.1708823e-02   1.4857687e-03   1.2710739e-01  -4.5541965e-03   8.2790935e-02  -1.5511354e-02   2.6179119e-01  -9.4626186e-02
  -1.7447271e-01  -5.6054967e-02  -3.7834048e-02  -1.4648715e-01  -2.4673149e-01   1.0562744e-02  -4.2385799e-01   5.7743197e-02
   6.5252096e-02   7.1631329e-02  -7.2060099e-03   7.6255024e-02  -7.2334938e-02   9.4582045e-02   5.0475691e-02   1.8002629e-01
   1.2935944e-01   5.8518634e-02  -9.0088085e-02   7.3229753e-03   7.9286033e-02  -3.6771333e-02   4.8128944e-02   2.0594533e-02
  -3.7986994e-04   8.5839084e-02  -2.6312295e-02   1.3709880e-02   1.9117043e-01   9.9254765e-02   2.5738807e-02   2.6018474e-02
   1.8837917e-01   1.9006519e-01   9.6394149e-03   1.6389283e-01   2.4310926e-01   4.5306005e-03   3.8432999e-01  -3.5420910e-01
   1.6629510e-02   9.8448214e-02   6.3600992e-03  -6.8774441e-03  -4.2806233e-01  -5.7338409e-02  -3.0520747e-01  -2.6199123e-02
  -3.3521375e-02  -6.8621350e-02   1.7664379e-01   1.4987224e-01  -2.4893789e-01  -1.2731736e-01   1.9123500e-01   4.1475862e-02
  -9.9435600e-05   1.2337317e-01  -9.8798609e-03   1.6490507e-01  -2.3796708e-01  -1.0461132e-01   1.9751464e-01   1.0219188e-02
  -2.1530683e-01  -2.2207470e-01   8.9247813e-02  -2.1994261e-01  -6.7698667e-01  -7.3023935e-02  -4.3936675e-01   1.6304632e-01
   1.5484695e-01   1.2188309e-01  -8.1506449e-02   2.1386403e-01   3.6704512e-01   3.6227827e-02   4.1907713e-01  -5.0559085e-02
  -2.0527358e-01  -3.2269935e-01   5.7873109e-02  -1.4142059e-01   3.0127545e-01   1.4645074e-01   3.0148225e-01   1.6239509e-01
   5.5114648e-02   9.5758800e-02  -4.1825047e-02   3.3417915e-02   5.5366093e-03   8.6997521e-03   4.2315218e-02   1.5091875e-02
   1.3255073e-02  -2.4082224e-02   8.9299036e-03   4.1395910e-02  -6.1835948e-01  -5.6112918e-03  -2.7951301e-01   4.8813486e-03
   4.0520521e-02  -9.3986636e-02  -1.1033957e-01  -3.0134557e-02   1.5270577e-01   5.8980973e-02   1.7873770e-01   1.7791877e-01
  -4.7577450e-02   7.4438691e-02  -1.2464629e-01  -2.7486170e-02   3.9896122e-01   1.3426252e-01  -3.5974804e-01  -1.5986325e-01
  -1.9943414e-01  -2.3989435e-01   1.9709156e-02  -3.4546669e-02  -5.2886847e-02   2.2746487e-02   1.5499962e-02   1.0554880e-01
   1.5867435e-01  -8.0273062e-02   7.4982890e-02   9.9029731e-02  -4.4940055e-01  -1.4473203e-01   1.1722567e-01   3.0961878e-01
  -7.9972631e-02  -2.4750902e-01   1.4623066e-01   9.8329754e-02  -4.0742824e-01  -1.5415212e-01   1.7710923e-01   2.8458906e-01
  -2.8080247e-02   1.0497115e-01  -2.2459593e-02  -2.1204114e-02   2.8784013e-01   2.3549634e-02  -2.2516576e-01  -3.1616454e-01
   1.6402481e-02   9.5608396e-02   1.8915611e-02   2.7006989e-03   2.2266503e-01   8.8319379e-03   3.9653630e-02  -3.2667560e-01
  -6.8315637e-02   2.1196255e-02  -4.6817904e-02  -1.5527309e-01  -4.4538092e-01  -7.0458079e-02  -3.5863292e-01   9.4857624e-02
  -1.1395956e-01  -1.1468624e-01  -4.9964437e-03  -1.0255424e-01   1.0862752e-01   2.2004943e-01   8.2625212e-03   1.2878398e-01
   8.3245698e-02  -1.9495490e-02  -8.2897318e-02   2.8285074e-02  -5.4494684e-02  -8.8887170e-02  -8.9901670e-03   1.0770489e-02
   4.6304492e-02   2.1706748e-01  -1.7687543e-01  -2.7002369e-02   1.1162581e-01   1.9264937e-01  -3.3939040e-01  -9.7248262e-02
   4.5533154e-02   5.1174866e-02  -2.6049975e-02   1.8904520e-01   1.4799896e-01   9.5161993e-02   2.7995775e-01   1.1681331e-02
  -4.5725976e-02   6.5594943e-02  -9.0001062e-02  -4.2683394e-02  -3.8048820e-01  -8.8639484e-02  -3.1337396e-01  -7.3546176e-03
   7.4574814e-02  -2.5311407e-01   1.1144494e-01   1.2778491e-01  -3.1020920e-01  -1.1613769e-01   3.8060963e-01   2.9811121e-01
   1.4257956e-01   9.4542197e-02   2.4020280e-02   2.1257253e-01  -3.7904834e-01  -1.3325754e-01   3.8568746e-01  -9.0203374e-02
  -1.0952929e-01  -2.4381361e-01   8.5048427e-02  -9.2018635e-02  -3.7752917e-01  -7.8359575e-02  -1.7287176e-01   2.8086697e-01
   4.7241616e-02   1.0750333e-01  -3.0547959e-02   1.3868881e-01   3.5361195e-01   5.2046064e-02   2.7134130e-01  -8.8887233e-02
  -1.5070899e-01  -1.7120816e-01   3.3146376e-02  -6.3263868e-02   1.5441011e-01  -5.3583118e-03   4.1301970e-01   1.2330932e-01
   9.5762273e-02   1.2748886e-01  -3.0324849e-02   2.1042804e-01   1.8526978e-01   8.7384316e-02   3.2084920e-01   5.1027167e-02
   3.5643519e-02   1.6507825e-01   2.8008191e-02  -2.2826644e-02  -4.0150872e-01   3.6649163e-02  -3.9850518e-01  -5.8752063e-02
   1.0913169e-01   1.8264668e-02   1.2534397e-02   3.5597695e-02   3.9315614e-01   1.1337654e-02   5.7576049e-01  -2.8712147e-02
   6.0878304e-02   1.9383407e-01  -2.1247664e-01   1.7085570e-01   7.7463930e-01   1.4011982e-01  -1.5032594e-01  -2.7969199e-01
  -8.0965567e-02  -2.7194889e-01   3.4142256e-02  -1.4298729e-01   4.1982159e-02   2.6955483e-02  -2.3918476e-01   1.5506242e-01
   8.3858904e-02  -9.0294007e-02   4.1814634e-02   9.6904494e-02  -5.0750453e-01  -1.1231081e-01   2.0994393e-01   1.0320512e-01
   1.7049731e-02  -2.7594621e-01   1.3069353e-01   2.5908037e-01  -4.1662279e-01  -2.1520512e-01   7.1023080e-01   3.2794505e-01
   1.1557519e-01   5.7815206e-02  -1.2587730e-01  -8.1017830e-02   5.4162218e-01   8.0221117e-02  -1.9469211e-02  -1.8484030e-01
  -1.6891500e-01   2.5107394e-02   1.0268725e-01  -1.2631828e-02  -4.6042838e-02   3.4448431e-02   2.8929224e-01   5.3029596e-03
  -1.8822090e-01  -1.1147971e-01  -4.0942701e-02  -1.6286465e-01  -4.7716936e-01   5.1926751e-02  -4.5170815e-01   1.5888534e-01
   1.1450294e-01   1.9932629e-01  -8.3580601e-02  -3.9293325e-02   2.7565238e-01   1.6689750e-01  -1.2954739e-01   9.9262981e-03
   7.0682769e-02  -4.9465132e-02  -8.3803475e-02   4.9035735e-02  -7.8516005e-02  -9.4545553e-02  -2.8919319e-02   4.4541476e-02
   3.4415442e-02   1.8624840e-01  -9.8694746e-02  -6.2015257e-02   1.0784491e-01   2.0383134e-01  -3.1240422e-01  -1.6975021e-01
   2.9868606e-02  -6.1539177e-03   7.4036062e-02   4.0967222e-02   4.4460143e-01   4.2251233e-02   3.1500926e-01  -8.5714550e-02
   9.4870390e-02   3.7264480e-02   9.9102759e-02  -5.1209576e-03  -3.7043115e-01  -5.4641969e-02  -1.5997048e-01  -2.6257379e-02
  -1.8041290e-01  -2.9811437e-01   1.5049915e-01   1.5254644e-01  -4.7385009e-01  -1.3840383e-01   4.5584280e-01   3.1566669e-01
   2.7752475e-01   3.2434532e-01  -3.0344724e-02   2.4105697e-01  -4.8913004e-01  -1.1010994e-01   5.2305069e-01  -1.1877422e-01
  -4.9853024e-02  -3.1840513e-01   9.6445514e-02  -1.2843713e-01  -3.4521261e-01   5.8772024e-03  -2.1400953e-01   1.9097021e-01
   1.3823400e-01   1.0356761e-01  -6.1342442e-02   1.1981954e-01   9.3585707e-02  -1.4532000e-02  -1.6696994e-03  -1.0260740e-01
  -5.9618495e-02  -1.4503061e-01   9.9907391e-02   5.5121157e-03   1.2210477e-01   7.7719481e-02   1.8071399e-01  -7.0821330e-02
   7.5530694e-02   2.6454814e-01  -8.4166908e-02   6.5487222e-02   4.1623261e-01   9.4548659e-02   1.4501211e-02   2.8608706e-02
  -1.1562013e-01   9.6594817e-02  -5.4910255e-02  -2.0907903e-01  -3.7095219e-01   1.9881787e-02  -4.2459228e-01  -6.6471303e-02
   4.7519474e-02  -5.1179472e-02   9.1287531e-03   7.2841609e-02   2.8178088e-02  -1.8434061e-02   4.9841135e-01  -3.2782205e-02
  -8.8053456e-03   2.8680487e-01  -1.7900100e-01   2.5254508e-02   5.5659963e-01   9.3245374e-02  -2.0595071e-01  -1.7433104e-01
  -1.8815674e-01  -2.9167457e-01   4.0014743e-02  -2.1050031e-01  -1.9416185e-02   3.9800235e-02  -2.2040621e-01   2.7198646e-01
   2.0836912e-01   4.7789144e-02   5.1471187e-02   1.6324997e-01  -4.8481047e-01  -2.4517536e-01   1.5217900e-01   1.4692746e-02
   1.1943143e-02  -1.7193736e-01   1.8620565e-01   2.3970738e-01  -6.1815850e-01  -2.7240669e-01   3.4811283e-01   2.6420936e-01
   1.1769749e-01   4.2550420e-02  -1.6954161e-01   6.4145210e-02   4.5328503e-01   1.2518706e-01   2.1973664e-02  -9.3056659e-03
  -1.9271527e-01  -2.0987646e-01   1.9109000e-01   7.3947155e-04  -4.2913120e-01   8.2708669e-02   2.9883192e-01   1.4270660e-01
  -1.2026456e-01  -1.3969843e-01   2.0013486e-02  -3.4812153e-01  -3.3525642e-01  -3.4789518e-02  -4.4255794e-01   2.9328979e-01
   1.3109156e-01   9.6770974e-02  -1.6534819e-01   5.9501397e-02   4.9257972e-01   1.5738758e-01  -1.8791793e-02  -8.9955026e-02
   1.2896248e-01   8.1979484e-02  -2.6942187e-02   1.8558973e-01  -2.6885605e-01  -1.0978780e-01   2.0556711e-01  -1.1197450e-01
  -4.4354041e-02   1.1324754e-01  -1.2250845e-01  -1.8752353e-01   1.7063368e-01   1.6392529e-01  -4.7430785e-01  -2.1044302e-01
   9.6460207e-02   1.0570166e-01  -8.0356086e-02   3.1599552e-02   1.2534756e-01   6.4886329e-02   9.8777773e-03  -1.3054578e-01
  -2.8728355e-02  -1.2991865e-01   6.8600215e-02   6.0565673e-03  -2.4977064e-01  -7.9647414e-02   1.1852189e-01   1.3834568e-01
   1.0109507e-01  -3.5046574e-01   2.8211061e-01   1.2838046e-01  -3.9019070e-01  -1.4935313e-01   7.6281820e-01   2.0725603e-01
   1.6379503e-01   3.3912035e-01  -1.1486335e-02   3.2528270e-01  -2.5939774e-01  -2.2304612e-01   4.5005398e-01  -1.1554531e-01
  -2.3880545e-01  -3.2310319e-01   2.7610111e-02  -1.8369097e-01  -4.5233810e-02  -4.7776006e-02   8.4459157e-03   1.9669789e-01
   1.1713600e-01  -3.7277037e-02  -1.1353749e-01   1.7245390e-01   1.0151196e-01   4.2534665e-02   2.1705658e-02  -1.3346161e-01
  -8.5456493e-02  -1.6444522e-01   1.2060612e-02  -2.9956286e-02   2.3914344e-01   7.9326183e-02   1.2069721e-01   2.8486051e-03
   1.4881900e-01   2.1630767e-01  -9.4474488e-02  -4.1539547e-02   5.7607058e-01   1.2504242e-01  -1.1190556e-01  -2.1645488e-01
  -5.3056997e-02   2.7003642e-03   2.0695238e-02  -1.2411965e-01  -3.2434124e-01   6.1004176e-02  -4.4923132e-01   3.8395087e-02
  -5.0371009e-02   2.1626143e-02   4.6779650e-02   7.0055019e-02  -1.9029472e-02  -3.3804178e-02   1.4519724e-01   7.8476524e-03
   9.1833935e-02   1.6610464e-01  -9.3170805e-02   9.6592020e-02   2.7691422e-01   9.4824945e-02  -1.4591790e-01  -2.2023802e-01
  -5.6021107e-02  -1.3073559e-01   3.9473210e-02   6.0047534e-02  -1.0807880e-01  -4.9512537e-02  -6.9869320e-02   5.6102808e-02
   2.4258678e-01   2.0052411e-01   2.5123472e-02   2.6192108e-01  -6.1250266e-01  -1.9287662e-01   7.6857095e-02  -3.7856529e-02
  -1.6413770e-01  -1.9737065e-01   1.9002510e-01   1.6778100e-01  -5.6954375e-01  -2.1934000e-01   4.3348042e-01   3.0297082e-01
   1.9954937e-01   1.6428704e-01  -1.0717479e-01   4.6121511e-02   8.4987848e-01   1.7467950e-01   2.6543678e-02  -1.0930848e-01
  -1.5631652e-01  -2.9654041e-01   1.3133942e-01   7.2390538e-02  -3.9921298e-01   1.3250644e-02   3.3675141e-01   3.3175470e-01
  -1.5202429e-01  -1.0585463e-01   5.4240367e-02  -1.8382508e-01  -2.7721704e-01  -3.0839917e-02  -3.7660028e-01   2.2034878e-01
   1.2371348e-01   2.3161193e-01  -3.7271109e-02   1.3765181e-01   1.6704875e-01   7.4612228e-02  -1.0320500e-01  -1.5943449e-01
   2.3771982e-01   2.3704196e-01  -5.3535643e-02   3.1744212e-01  -1.5346641e-01  -2.6036770e-01   3.0948576e-01  -1.3610621e-01
   1.5784611e-01   1.6088850e-02  -1.3600568e-01  -1.6992280e-01   4.2582785e-01   2.4941031e-01  -5.2954095e-01  -3.0819958e-01
   8.1206685e-02   5.1095627e-02  -4.7875689e-03  -4.7833578e-04  -1.7465079e-02  -2.3841727e-02  -2.0073202e-02   4.3799488e-03
  -4.7726308e-03   5.3176531e-02   7.7040049e-02   1.1088615e-01  -2.6699968e-01  -7.3464420e-02   2.7957060e-01   9.9375331e-02
   4.5270110e-02  -2.4585096e-01   1.9369386e-01   3.0409729e-01  -1.6911795e-01  -1.5418244e-01   8.5234008e-01   1.3215131e-01
   6.9104423e-02   1.6465593e-01   4.2255100e-02   2.1623049e-01  -2.8843729e-01  -7.9964208e-02   4.4416712e-01  -1.7581424e-01
  -2.8275116e-01  -2.4898716e-01   1.0813531e-01  -1.9035384e-01   3.3001385e-02  -2.7561083e-02   9.3076305e-02   1.6190594e-01
  -1.8945321e-01  -7.4007377e-02  -1.6115083e-02   5.8424545e-02   7.4680111e-04  -7.0956786e-03   7.4319046e-02   1.2691980e-01
  -1.4950139e-01   1.5936034e-02   3.5945824e-02  -6.7192721e-02   3.4814823e-01   7.8348811e-02   1.4771437e-01  -1.2920628e-01
   1.9344261e-02  -3.4545227e-02  -3.6055040e-02  -1.9084428e-01   5.0603957e-01   2.3806393e-01  -2.6457034e-01  -1.1893016e-01
  -1.6358185e-02   3.4221885e-02  -2.2728980e-01  -1.9521393e-01  -3.1109667e-01   4.4238459e-02  -6.8987583e-01   1.4906306e-01
   7.9574814e-02  -4.4956667e-02  -5.4290602e-02   7.4032395e-02   1.1569993e-01  -4.7369677e-04   1.2791020e-01   4.5491126e-02
   4.5067801e-03   1.3199432e-01  -1.0092092e-01   5.6359391e-03   1.5338259e-01   1.0063195e-01  -1.7582387e-01  -5.5797470e-02
  -2.6650031e-02  -1.0817000e-01  -7.7393645e-02  -4.5592250e-04   6.4880730e-03   4.7409258e-02  -1.3215035e-01   1.6693995e-01
   3.4183837e-01   8.7361891e-02   1.4028704e-01   3.7891514e-01  -6.8804474e-01  -2.6230739e-01   1.5317500e-01  -9.8924002e-02
  -4.2205573e-03  -2.6720219e-01   1.5799703e-01   1.3503304e-01  -3.4353941e-01  -1.8025731e-01   3.0880996e-01   3.9320791e-01
   5.4770493e-02   2.1714867e-01  -2.7723431e-02   3.4306771e-02   8.0112602e-01   1.5232887e-01  -7.2950440e-02  -7.6578441e-02
  -2.2306164e-01  -2.2878443e-01   4.2816820e-02   8.8918914e-02  -2.5083111e-01   4.9024234e-02   4.8861658e-01   4.8503144e-01
  -7.7734261e-02  -1.8872350e-01   7.0832391e-02  -1.3296629e-01  -6.5561431e-01   3.4977433e-02  -3.7142652e-01   3.1236570e-01
  -1.5213134e-02   9.7628964e-02   1.2808840e-02  -8.5023596e-02   2.2098502e-01   1.8787932e-01   9.5128247e-02  -1.4053586e-01
   2.1091851e-01   2.1527289e-01   2.0697279e-02   2.8659697e-01  -2.3317323e-01  -1.2927350e-01   2.5389368e-01   1.2133306e-02
   4.1881736e-02   3.2095871e-01  -1.8487000e-01  -2.3917599e-01   6.1113562e-01   2.5916511e-01  -6.1518539e-01  -3.1895241e-01
   2.0300693e-02  -7.1291727e-02   1.0311679e-02  -9.9577612e-02  -1.5954614e-02   7.6593467e-02  -5.0184816e-03   6.6464213e-02
   4.4246069e-02  -5.6212454e-02   1.4642259e-01   8.3438108e-02  -4.9620682e-01  -1.5021419e-01   4.4938007e-01   2.0892897e-01
   1.7413981e-01  -2.5912404e-01   1.1442168e-01   2.1878762e-01  -6.0898619e-02  -1.1557893e-01   8.8140569e-01   4.0565569e-02
   2.4438202e-01   3.2602697e-01   2.9560629e-02   2.7712443e-01  -6.0752673e-01  -1.2342041e-01   2.8894991e-01  -1.8027128e-01
   1.0591229e-03  -2.1380775e-01   5.4854282e-02   6.9919325e-02   1.5607893e-01  -7.8435752e-02   4.4682043e-01   2.0261773e-01
  -8.5046759e-02  -8.0307852e-02  -1.1878643e-02  -9.6319823e-02   2.2169444e-01   1.1676789e-01  -2.2642266e-02   9.4318364e-02
  -1.4324698e-01  -1.9759131e-01   2.1691611e-02  -6.5446502e-02   3.4100933e-01   1.2852475e-01   2.3621895e-01   4.5545488e-04
   1.5269986e-02   3.1785958e-02   1.3869112e-02  -1.6225952e-01   1.1053944e-01   1.2416196e-01  -4.2894346e-01  -2.3519244e-03
  -4.5767999e-02   5.8177576e-03  -1.0199088e-01  -2.9972114e-01  -3.6869806e-01   4.4495358e-02  -8.0146929e-01   2.4328056e-02
   3.4940534e-02   1.1520080e-01  -4.2826028e-02   6.1960299e-03   2.6745164e-01  -4.3177606e-02  -1.3688213e-01  -1.7524717e-01
  -5.1312747e-02  -2.3100710e-02  -5.2951306e-02  -2.4841034e-01   2.1402400e-01   1.5483697e-01  -3.5557596e-01  -1.3442961e-02
  -5.2519617e-02  -4.3837441e-02  -1.0859329e-03   3.7367275e-03  -6.4314145e-02  -1.8177173e-03  -1.3287241e-01   1.3364800e-01
   3.1714761e-01  -8.4130927e-03   1.6029952e-01   3.2930139e-01  -4.1727068e-01  -2.5574943e-01   4.4732158e-01   5.1479111e-02
   1.2276945e-02  -5.1844182e-02   6.1815714e-02   3.6180794e-01  -4.5359921e-01  -1.9431834e-01   1.0651945e-01   2.3781999e-01
  -4.7553494e-02   8.2890240e-02  -1.5159054e-01  -1.7397073e-01   8.8836411e-01   1.9289852e-01  -1.9620351e-01  -6.4529907e-02
  -1.7165370e-01  -1.5925445e-01   1.5234448e-01  -7.3605688e-02  -2.5134705e-01   7.0455018e-02   2.0694490e-01   1.8075763e-01
  -7.9616761e-02  -2.1830214e-01   7.5253105e-02   1.1336114e-02  -5.1844728e-01  -5.7075070e-02  -1.0318915e-01   2.3762599e-01
  -2.2135316e-02  -8.1329885e-03  -2.8409165e-02  -1.6469388e-01   2.2101562e-01   1.7977360e-01  -3.1433286e-01   1.5106420e-01
   2.3573098e-01   1.9684725e-01   2.0749276e-02   3.3486828e-01  -2.5090045e-01  -1.8044393e-01   2.6065271e-01  -1.4939407e-01
   6.4626970e-02   1.2614112e-01  -6.3552605e-02  -2.0987543e-01   3.7150704e-01   3.1326575e-01  -5.4702873e-01  -2.3673175e-01
   5.3000567e-02  -1.5665492e-01  -1.3872122e-02   3.9894383e-02  -1.0194209e-01   6.2833462e-02   1.0978090e-01  -3.4288859e-02
   3.6253000e-02   4.4137969e-02   1.2398473e-01   2.6624744e-01  -4.4458528e-01  -1.5869433e-01   5.5072152e-01   1.4613520e-05
  -1.5055364e-01  -2.4090850e-01   1.4279098e-01   2.1887759e-01   4.8262030e-03  -9.9894744e-02   7.7403285e-01  -3.0340238e-02
   2.5258526e-01   2.0718518e-01  -1.0259850e-01   2.6915120e-01  -5.5880160e-01  -1.6578606e-01   2.1205148e-01  -1.8331153e-01
   9.2518975e-03  -1.8167999e-01   1.3171655e-01   2.8831506e-02  -1.4108941e-01  -9.5316576e-02   4.8190592e-01   1.5195083e-01
   5.3475038e-02  -8.9991226e-02   7.3761014e-02   8.6323210e-02  -2.1327545e-01  -2.6750301e-02   2.4344066e-01   1.1528742e-01
  -8.2945160e-02  -1.3775715e-01  -1.5916207e-02   9.0717896e-03   8.9838581e-02   3.4324882e-02   1.1358050e-02   1.1544087e-01
   1.0488463e-03   6.4405645e-02  -2.3100949e-01  -1.2732090e-01   3.1223445e-01   1.3857716e-01  -4.4370177e-01   5.1307423e-02
  -2.0244058e-01   2.9338408e-02  -9.9699216e-02  -3.0827978e-01  -1.6485972e-01   1.1127334e-01  -4.6865420e-01   1.2010966e-01
  -9.9675776e-02   4.0547344e-02  -1.2297079e-01  -5.6010694e-02   3.8139771e-01   4.2591971e-02  -6.4441757e-02  -1.2169913e-01
  -1.2483961e-01   2.1923041e-01  -1.8792661e-01  -2.4047610e-01   2.4935659e-01   9.8544500e-02  -7.7005734e-01  -1.1817760e-01
  -1.2367837e-01  -2.8706104e-01   1.4496741e-01  -2.0848312e-01  -6.8843336e-02   3.7900852e-02  -2.9092223e-01   2.5846363e-01
   3.5694673e-01   1.0263413e-01   1.6152832e-01   5.3094942e-01  -5.6206311e-01  -2.8317857e-01   5.8365043e-01   1.5786200e-01
  -5.6915996e-02  -1.0275535e-01   1.4001354e-01   1.6508211e-01  -4.7969636e-01  -2.3546961e-01   3.1541724e-01   1.5211361e-02
   1.4552798e-01   1.5906061e-01  -1.4961707e-01  -1.0320995e-01   9.6306305e-01   2.7350635e-01  -3.4208755e-01  -1.8501184e-01
  -1.0818450e-01  -2.5084974e-01  -4.2967920e-02   8.7088416e-02  -1.4180942e-01   1.0337884e-01  -8.9862075e-02  -1.1622716e-01
  -8.7075470e-02  -8.5911009e-02  -1.6955001e-02  -5.9593036e-02  -2.9291542e-01  -4.6722988e-02  -1.1235488e-01   1.1724509e-01
   3.9358460e-02   8.1260620e-02  -1.2720844e-01  -1.4835000e-01   3.0475885e-01   1.7149674e-01  -1.4242627e-01   6.9605971e-02
   2.2505812e-01   1.3845753e-01   9.9040073e-02   3.3723318e-01  -3.5594287e-01  -2.0890135e-01   4.2719021e-01  -8.1391604e-03
   9.0822284e-02   8.7010918e-02  -1.3416355e-01  -2.6720587e-01   5.2544411e-01   3.2021275e-01  -5.0256627e-01  -8.8119418e-02
   1.1787026e-01  -2.8130300e-02   3.8714341e-02   1.4120454e-01   1.0448602e-01   6.1624858e-02   2.1752398e-01  -9.2516686e-02
   1.9375334e-01   6.2635501e-02   1.3782706e-01   3.4754231e-01  -3.2835982e-01  -1.6549739e-01   8.4299900e-01   8.8196557e-02
   1.1261971e-02  -2.0237758e-01   1.8499489e-01   2.1726353e-01  -1.3640772e-01  -1.3181799e-01   7.2681425e-01   3.1532590e-02
   1.2549197e-01   1.6019309e-01   1.0538041e-01   1.6879633e-01  -4.6607845e-01  -1.7114645e-01   1.6999222e-01  -1.2697483e-01
   6.9800451e-02  -2.8310426e-02   1.6107421e-01   1.9861899e-01  -9.9160284e-02  -1.6444971e-01   6.7537671e-01   4.8805315e-02
  -4.1680485e-02  -5.9970096e-02   3.2716163e-02   8.3062176e-02  -4.0306125e-01  -6.6538013e-02   8.7588918e-02   7.3027878e-02
  -1.5894026e-01  -1.5910128e-01  -1.0623763e-01  -2.7662280e-02   1.8661775e-01   2.6904529e-02   5.3984931e-02   1.9232906e-01
  -3.5372019e-02  -2.1534116e-02  -7.9594277e-02  -3.8124552e-01   7.7359059e-02   2.3091707e-01  -6.4315022e-01   3.2675675e-01
  -4.3395106e-02   1.3188273e-02  -1.8810920e-03  -1.6531908e-01  -3.8231311e-02   1.4959320e-02  -4.1614181e-01  -1.0213953e-01
  -2.4426681e-02   5.3474103e-03  -9.4663009e-02  -6.1762908e-04   3.9154974e-01   5.2348440e-02  -3.8701477e-02  -9.0158514e-02
   1.7534726e-01   2.9589641e-01  -1.7472899e-01  -2.2664295e-01   6.2886674e-01   1.9551062e-01  -3.7806676e-01  -6.8567680e-02
  -9.3951445e-02  -2.5094072e-01   1.0603651e-01  -1.2570582e-01  -3.6665373e-02   6.9746755e-02  -4.2089357e-01   3.0890624e-01
   3.2588013e-01   1.0206794e-01   2.1889353e-01   6.0851304e-01  -8.9313471e-01  -3.5085896e-01   5.1474122e-01   2.3216695e-02
   7.6497482e-02  -1.7585318e-01   1.4360407e-01   2.0558757e-01  -7.5614649e-01  -2.9144930e-01   1.2244918e-01   1.1143846e-01
   1.1160189e-01   2.0501659e-01  -1.1611124e-01  -1.4658923e-01   8.7080082e-01   2.2407502e-01  -1.8573027e-01  -1.2725204e-01
  -1.9406008e-01  -1.4459379e-01   4.8117119e-02   1.9599157e-01   1.0174857e-02   6.6139328e-02   1.1556010e-03  -2.8896696e-01
  -7.5856510e-02  -1.2050131e-01  -4.4823486e-02  -1.2037593e-01  -3.9804989e-01  -7.9674114e-02  -2.1148523e-01   8.8106850e-02
   3.3549463e-02   1.1481801e-02  -5.9043528e-02  -2.1486442e-01  -1.6613640e-01   1.9915803e-01  -2.0074199e-01   1.2255834e-01
   7.9430720e-02   1.3786947e-01   1.1179477e-01   3.5959212e-01  -3.6703797e-01  -1.8129912e-01   4.4624659e-01  -8.4785290e-02
  -1.1093588e-01   2.5150265e-01  -2.3263274e-01  -2.3292966e-01   8.6077905e-01   3.0233215e-01  -4.3375303e-01  -2.9690991e-01
   1.3921989e-01   4.5224519e-02   4.1420360e-02   1.4336021e-01   1.7781735e-02   7.1743580e-02   2.7776990e-01   1.5507780e-02
   1.0427688e-01  -4.6388606e-02   1.7302516e-01   2.4796072e-01  -3.2032605e-01  -1.8137187e-01   6.4901104e-01  -1.3788083e-01
   7.5709154e-02  -1.4505492e-01   9.3583496e-02   2.7321580e-01  -6.6146833e-02  -2.8772405e-02   5.0404118e-01   9.5331118e-02
   5.9330548e-03  -3.1313086e-02   5.9390209e-02   1.7212657e-01  -3.8410348e-01  -1.6254162e-01   8.6366299e-02   1.0282529e-01
  -8.3753812e-02   2.9680366e-02   7.2579075e-02   1.8066571e-01   4.7831945e-02  -1.9375429e-01   6.1239323e-01   6.3426672e-02
   7.1397716e-02  -1.2596776e-02   4.8712840e-02   3.5585077e-02  -2.1702598e-01  -2.2331815e-02   2.4559507e-01   2.1030573e-01
  -1.9351103e-01  -1.2311949e-01  -3.5868421e-02  -1.9042762e-01  -2.8401325e-01   9.4007182e-02  -2.8242978e-01   2.3114026e-01
  -1.1838947e-01  -1.7475664e-01  -1.0172151e-01  -3.9692005e-01   1.8794835e-01   2.2023150e-01  -5.1529517e-01   2.5100144e-01
  -7.1190862e-02   6.3880443e-02  -2.3864358e-02  -1.8501036e-01   3.8834567e-02   1.3234172e-01  -2.7882967e-01   3.4034740e-02
   8.0504395e-02   1.0803546e-01  -4.1969208e-02   1.1505233e-02   4.8862061e-01   1.0522976e-01   2.8965862e-01  -1.4379726e-01
   9.6369468e-02   2.5764946e-01  -2.0185951e-01  -2.3474239e-01   1.0057260e+00   2.2561930e-01  -5.4983808e-01  -1.6653205e-01
  -1.6562385e-01  -2.7488107e-01  -3.5139552e-02  -2.3880298e-01  -1.2529453e-01   3.3425486e-02  -4.3955860e-01   3.1149541e-01
   2.7947917e-01   1.7176329e-01   2.3444161e-01   4.7719174e-01  -8.5893400e-01  -2.1113057e-01   4.6378085e-01   1.1328338e-01
  -1.8255996e-02  -2.1060194e-01   1.6881493e-01   4.2254237e-01  -7.8818578e-01  -3.1421398e-01   2.0430332e-01   1.9541000e-01
  -3.8646677e-02  -6.9842162e-03  -1.4563658e-01  -1.1104376e-01   9.7034863e-01   2.0830060e-01  -1.4273736e-01  -1.5987213e-01
  -3.6107268e-01  -1.8688162e-01   1.9122103e-01  -3.6518924e-02  -9.2193596e-02   1.1504698e-01   1.2835433e-01  -2.1237853e-01
  -5.5671229e-02  -1.0551296e-01  -1.9241618e-02  -5.4061064e-02  -5.6317757e-01  -9.9140739e-02  -1.5641336e-01   2.3812071e-01
  -1.0470170e-01  -2.8366826e-01  -4.2614205e-02  -3.5623123e-01  -1.3816885e-02   2.5286009e-01  -3.4769329e-01   4.3014559e-01
   2.3364613e-01   3.1393620e-01   2.5325517e-02   4.5609099e-01  -5.5615695e-01  -3.3840974e-01   5.4780734e-01  -1.3792712e-01
   4.6890671e-02   1.3734301e-01  -2.4021264e-01  -1.7904400e-01   9.9809068e-01   3.2580000e-01  -3.6616755e-01  -1.8523737e-01
   9.1095827e-02  -6.6777969e-02  -2.6313606e-02   7.4350890e-03   1.1889615e-01   8.4875903e-02  -3.6504908e-02   5.0422231e-02
   3.2704920e-02   5.2339516e-02   1.1989742e-01   3.3153226e-01  -1.0062882e-01  -1.7058768e-01   8.5393602e-01  -1.8140427e-01
   5.0051376e-02  -3.3889724e-02   7.9681264e-02   3.3512752e-01  -1.6092345e-01  -1.8637327e-01   3.7093211e-01   4.4917937e-03
   2.7664805e-02  -7.7529950e-02   5.7755791e-02   1.4873856e-01  -5.4533552e-01  -1.9118794e-01  -8.2023079e-02   8.8046631e-02
  -1.1574700e-01  -8.2701878e-03   7.4482697e-02   2.7330039e-01   1.4302907e-02  -9.8503279e-02   9.7601613e-01   1.5629938e-01
   9.4841880e-02   1.2391418e-01  -1.6215628e-02   2.3555888e-01  -3.1426092e-01  -8.1132152e-02   6.1439614e-02   5.2914452e-02
  -4.8797602e-03   9.2602345e-02  -1.5291976e-01   2.1043892e-02  -9.5350140e-02  -1.7481226e-02  -4.8011023e-01   1.8621978e-02
   6.2347399e-03  -1.6143313e-01  -1.7447156e-01  -3.9344145e-01   2.6479847e-01   2.5255432e-01  -5.5863789e-01   1.9443993e-01
  -1.5010440e-01  -6.0449775e-02  -5.0832094e-02  -2.2479231e-01   2.5127685e-01   1.1190702e-01  -1.3559521e-01   3.9498386e-02
   4.0435099e-02   3.6597206e-02   6.5035572e-02  -3.2677122e-02   1.8854203e-01  -6.4637904e-05   4.1541041e-01  -8.5057124e-02
   3.0673061e-02   5.4228571e-02  -2.3658996e-01  -4.5007266e-01   6.8698986e-01   2.8881769e-01  -5.8347378e-01   1.7548614e-03
  -1.5497657e-01  -2.3612034e-01   2.8919211e-02  -2.4900803e-01  -4.5009134e-02   5.3288564e-02  -3.2472707e-01   3.1336812e-01
   3.0865891e-01   3.2817475e-01   1.9978777e-01   4.7568582e-01  -1.2553069e+00  -3.9128672e-01   2.2812198e-01   8.1710854e-02
   1.0744999e-01  -1.8630948e-01   2.1226953e-01   3.9095974e-01  -1.0078531e+00  -4.1964045e-01   1.8230504e-01   1.6177103e-01
   8.1838724e-03  -3.5722654e-02  -8.0799686e-02  -2.6386061e-01   9.9619690e-01   3.3611360e-01  -2.2004489e-01  -8.0461505e-04
  -1.6559431e-01  -1.6487704e-01   4.9365666e-03  -2.7332299e-01   3.4431293e-03   9.2411498e-02   8.2253785e-02  -5.7294578e-02
  -1.0411231e-01  -1.4404614e-01   8.6176795e-02  -1.8248587e-01  -3.6117462e-01  -1.1104013e-01   8.1114142e-02   1.4965287e-01
  -1.5512502e-01  -1.9232233e-01  -9.6527705e-02  -3.6572784e-01   1.5012593e-01   1.9420369e-01  -4.7570866e-01   2.9223041e-01
   4.5054478e-01   3.8990443e-01   3.0841285e-02   6.4250404e-01  -4.8250504e-01  -3.1301761e-01   7.2246448e-01  -1.8620313e-01
  -3.1288724e-02   8.5443050e-02  -1.3993152e-01  -7.2880181e-02   9.1603279e-01   3.1797011e-01  -2.4313541e-01  -1.5411784e-01
  -1.0221009e-01  -1.5621040e-01   2.1757875e-02  -7.4567860e-02   1.7516356e-01   7.0396945e-02  -2.6601558e-01   6.0131728e-02
   2.5062098e-01   2.3562057e-01   1.2536733e-01   4.5951729e-01  -4.0884890e-01  -3.1094470e-01   4.1960284e-01  -2.1550371e-01
  -2.3082678e-01  -1.8531960e-01   1.1156958e-01   2.2118884e-01  -2.3344496e-01  -1.2523146e-01   6.2924191e-01  -4.7715640e-02
   1.6606809e-01   3.2867991e-02   1.0657297e-02   3.0534699e-01  -7.0779492e-01  -2.4680065e-01   1.8411304e-02  -2.3571818e-02
   9.5344170e-02   7.4972428e-02   2.0745691e-01   4.5824878e-01  -5.6231639e-02  -1.5353648e-01   1.0738221e+00   3.6716722e-02
   1.7348160e-01   4.7449034e-02  -1.1757410e-02   1.0720931e-01  -1.9023502e-01  -5.5042618e-02   4.4488971e-02   4.2614229e-02
   4.3948349e-02   2.2555171e-02  -1.2752018e-01  -8.5232148e-02   5.6117857e-03  -5.6235914e-02  -3.3185527e-01  -4.3512088e-02
  -1.7822220e-01  -7.0060169e-02  -1.6410058e-01  -3.2273728e-01   1.9643952e-01   3.0991234e-01  -7.7602299e-01   1.2193506e-02
  -4.1568435e-02  -4.9959565e-03  -4.2121905e-02  -1.9359179e-01   4.9624585e-01   1.3499267e-01  -1.5270985e-01   2.0165950e-03
   5.7909965e-02   1.4002846e-02  -2.5846874e-03   1.6657391e-01   5.8087895e-01   7.9960974e-02   5.7318338e-01  -1.6948113e-01
  -1.9297251e-01   7.0822277e-02  -1.3432754e-01  -3.6491275e-01   7.2382207e-01   2.9331529e-01  -1.2652285e-01   8.7881427e-02
  -1.0297212e-01  -2.8662187e-01  -3.0425535e-02  -2.8864320e-01  -1.5554467e-01   8.0813193e-02  -3.6010435e-01   3.3498271e-01
   2.2793748e-01   1.2977103e-01   2.8554551e-01   4.1278303e-01  -1.1715825e+00  -3.0509562e-01   5.7486884e-01   5.0022702e-02
  -1.4619823e-02  -9.8150989e-02   2.5345527e-01   3.8468791e-01  -6.1112366e-01  -3.5132466e-01   3.9832855e-01   2.4250125e-01
  -5.3264646e-02  -1.8540972e-01  -2.2567283e-01  -2.6006635e-01   7.2041874e-01   2.7737867e-01  -2.1511818e-01   1.1073645e-01
  -9.8383323e-02   1.1245359e-01  -1.7148344e-01  -1.0140724e-01   1.0209517e-01   6.9379640e-02  -4.2554668e-01  -2.2823456e-01
  -1.2331525e-01  -2.9420643e-01   7.7337132e-02  -1.3771576e-01  -5.0246853e-01  -3.3258201e-03  -5.2521493e-02   2.7345794e-01
  -3.8772963e-02  -1.2528285e-01  -1.3605765e-01  -3.9830402e-01   2.0816473e-01   2.3457518e-01  -5.6111064e-01   1.5245736e-01
   2.7553021e-01   2.7187968e-01  -3.9821060e-03   6.2061745e-01  -1.7851583e-01  -2.5948103e-01   8.0867555e-01  -1.6919977e-01
   7.1207701e-02   2.0398243e-01  -1.2763966e-01  -1.0520024e-01   5.3096332e-01   2.1009483e-01  -3.4080085e-01  -2.5308128e-01
  -1.1507086e-01  -1.2048750e-01   2.2668229e-02  -1.5091094e-01   2.9684925e-01   1.2142623e-01  -3.9289410e-01   2.1163546e-01
   1.6224519e-01  -4.9099022e-02   1.1562862e-01   3.6381562e-01  -2.4550732e-01  -1.7319555e-01   4.2379740e-01   1.5067744e-01
   1.8101774e-02  -4.9254316e-02   1.1049912e-01   2.7550613e-01  -3.9183092e-01  -1.5772188e-01   2.7844071e-01   2.2704151e-02
   2.4176282e-01   1.1515158e-01   4.3063117e-02   2.9799484e-01  -5.4757442e-01  -1.3258531e-01   1.5620772e-01   3.4044779e-02
   1.2965173e-01   7.0055831e-02   8.0241524e-02   4.1598271e-01   2.6949819e-01  -1.9437734e-01   1.2241136e+00  -8.9438866e-02
   1.0692977e-01   1.3935277e-01   4.1656230e-02  -1.5754172e-02  -3.5377065e-01  -1.1582887e-01  -1.7486964e-01  -2.0027649e-02
  -2.8206629e-02   4.3434245e-02  -1.1293552e-01  -1.1397650e-01   2.6010724e-02   3.9251620e-02  -3.5633586e-01   4.8173352e-02
   5.6690536e-02   7.7114286e-02  -1.5569971e-01  -3.0981863e-01   4.3481527e-01   2.7982999e-01  -7.1228189e-01  -8.8625859e-02
  -1.8433448e-02  -1.4354001e-01   8.0581923e-02  -1.6542734e-01   1.5403010e-01   1.1239849e-01   2.5248844e-02  -9.6236911e-02
  -1.5616303e-01   2.8256450e-02  -3.1609207e-03   1.3291793e-01   2.9922295e-01   7.7021137e-02   2.3055493e-01  -1.1148933e-01
   9.6935574e-02   3.8044762e-02  -1.6664064e-01  -2.4572957e-01   9.5414178e-01   2.5864377e-01  -1.5424855e-01   7.9927611e-02
  -1.1387830e-01  -1.7041954e-01   7.3455978e-02  -1.4662954e-01  -2.4948913e-02   1.1096906e-01  -1.9749594e-01   3.3812904e-01
   7.4738110e-04  -3.8296662e-02   2.2195546e-01   3.8646532e-01  -9.0807509e-01  -3.1952774e-01   5.9553370e-01   1.5041781e-01
  -1.4225702e-01  -1.0530641e-01   1.9875811e-01   1.7665270e-01  -8.3590690e-01  -2.1492784e-01   1.8599416e-01   2.4957404e-01
   1.9980840e-01  -1.9207209e-01  -1.3925808e-01  -2.7313205e-01   4.9320463e-01   1.8569873e-01  -4.2656772e-01  -1.3572658e-01
  -1.5504114e-01   1.2655188e-01  -6.5007918e-02  -2.2978504e-01   2.6818469e-01   9.7481843e-02  -3.1618632e-01  -2.4284927e-01
   6.0700181e-03  -6.2413529e-02   2.6717186e-02  -5.3007298e-02  -4.5413420e-01  -3.2996825e-02  -2.6148811e-01   1.8649758e-01
   1.4188575e-01  -9.9686729e-02  -1.3105197e-01  -2.3091587e-01   2.6103134e-01   1.5268201e-01  -4.8276336e-01   6.3223562e-02
   2.8718817e-01   2.8372639e-01   7.7994777e-02   6.8044309e-01  -3.1418900e-01  -2.9820157e-01   8.9685170e-01  -1.2638114e-01
   1.8606124e-01  -7.6208111e-02  -5.2310160e-02  -2.0242416e-01   2.2084246e-01   2.7361081e-01  -1.3820038e-01  -9.4824467e-03
  -6.5945744e-02  -1.5277151e-01   3.4028250e-02  -1.3489681e-01   6.5897578e-02   6.1605764e-02  -3.0723230e-01   1.2394213e-01
   2.7170758e-02   1.1658559e-01   9.9251072e-02   4.6785942e-01  -2.3189627e-01  -1.4348847e-01   2.4208722e-01   1.5604563e-02
  -7.6063514e-02  -6.5190874e-02   1.4742533e-01   3.3620594e-01  -3.7758057e-01  -1.7108483e-01   3.8656077e-01  -1.5978036e-02
   6.8168069e-02   6.1387796e-02   1.3779716e-01   1.4931529e-01  -4.2041046e-01  -1.2394969e-01   9.0343316e-02   6.9882411e-02
  -4.5379319e-02  -5.2546754e-02   1.2222002e-01   4.2224502e-01  -3.4859783e-02  -1.9511007e-01   1.3269176e+00  -5.2846255e-03
   1.4373633e-01   1.9759797e-01  -1.0341812e-01   6.0479722e-02  -5.1472380e-01  -1.2991772e-01  -3.0039966e-01  -8.6939680e-02
   2.8451167e-02  -3.0049208e-02  -1.1897018e-02   3.9038941e-02   1.0491388e-01   5.6500173e-02  -5.0942259e-02   1.2458840e-01
   1.4584612e-01   1.1924797e-01  -2.0889985e-01  -2.7257820e-01   5.1594573e-01   2.2339978e-01  -3.4602332e-01   7.7647885e-03
  -1.3960992e-01  -1.1108272e-01   1.0832835e-01  -4.0995312e-02   2.0010881e-01   1.3633729e-02   3.8482342e-01  -6.5475646e-02
  -2.3516369e-01  -1.1071931e-01  -4.6762846e-02  -1.8047091e-01   6.2548553e-02   8.1517592e-02  -9.3349957e-02  -1.4513233e-01
  -7.5859146e-02   6.0612822e-02  -2.9842391e-01  -8.3519634e-02   8.4931415e-01   2.4809239e-01  -3.0218630e-01  -5.2375195e-02
  -1.2716445e-01  -1.4625418e-01  -2.1665359e-02  -1.2338600e-01   7.1383468e-02   4.8056600e-02  -2.3963230e-01   1.6426272e-01
   1.2490308e-01   1.0370688e-02   2.7897044e-01   4.0096244e-01  -8.4674142e-01  -3.2683024e-01   6.7400279e-01  -1.1756194e-02
  -1.7524280e-01  -1.5394324e-01   2.2767819e-01   2.9505600e-01  -8.0920481e-01  -2.6558820e-01   3.4836986e-01   2.9140059e-01
   5.9743815e-02  -3.0678406e-02  -1.3116309e-01  -1.7231671e-01   5.1319168e-01   2.8485609e-01  -6.2779162e-01  -8.9453696e-02
   2.0086758e-01   3.6067130e-01  -3.1042115e-01  -2.5115019e-01   5.2387081e-01   9.2545235e-02  -7.9670365e-01  -3.6159186e-01
   5.5880673e-02  -7.3261244e-02  -3.9138767e-02  -2.3594054e-02  -3.1717183e-01   1.2182287e-02  -1.3670390e-01   1.1814906e-01
  -1.1784078e-01  -5.0709437e-02  -7.2399191e-02  -3.5137861e-01   2.9282686e-01   2.5399795e-01  -4.2222543e-01   2.6017773e-02
   2.7420617e-01   1.9149423e-01   1.4187535e-01   5.0979942e-01  -5.7003940e-01  -2.2648834e-01   7.1589306e-01  -2.2210784e-02
   4.6904464e-02  -2.1141594e-01  -4.8230401e-02  -2.0822517e-01   2.4841339e-01   2.5083324e-01  -1.3190150e-01   6.7518238e-02
   2.9092056e-02   2.8254990e-02  -7.9655920e-02  -4.8400780e-02   1.2393393e-01   7.6609210e-02  -2.5176477e-01  -3.3690259e-03
   8.8115154e-02  -9.4323905e-02   1.7223815e-01   1.8688780e-01  -3.1390744e-01  -2.1039740e-01   6.2210428e-01   7.7060617e-02
  -1.5783167e-01  -7.7779119e-02   9.8282620e-02   1.8186874e-01  -3.5620744e-01  -5.3202484e-02   2.9867767e-01  -4.9797990e-02
   6.3032094e-02  -2.0713608e-02   1.1228451e-01   2.9303911e-01  -3.4030204e-01  -1.6272569e-01   2.1996536e-01  -6.2260361e-03
   2.8482818e-01  -3.8100679e-02   1.7973861e-01   6.4722794e-01  -2.1392918e-02  -1.5352549e-01   1.3142081e+00   1.8903876e-01
   3.1433596e-02   1.0762747e-01   1.7620147e-02  -3.0531169e-02  -5.1112628e-01   5.3340299e-03  -1.3621618e-01   2.7502465e-01
  -1.1052441e-02  -7.5773849e-03   2.2328764e-02  -4.5040725e-02  -4.8413926e-02   5.2014092e-02  -1.1455394e-01   6.4790874e-02
  -5.8447145e-02  -1.7810506e-02  -7.2018382e-02  -3.1103853e-01   4.6664080e-01   1.7080550e-01  -2.1725984e-01  -1.2318347e-01
  -1.4749022e-01  -5.1255989e-02   4.6448513e-02  -2.0118256e-01   2.2360308e-02   1.6532563e-02   3.2742353e-02   3.4986420e-02
  -1.4719393e-01  -1.1908841e-01  -6.4840649e-02  -1.8061788e-01  -4.5885621e-02   8.0299214e-02  -2.9981202e-01  -1.0655078e-01
  -1.2357985e-01   5.1249935e-02  -1.2535656e-01  -2.3321965e-01   9.0215795e-01   2.7697291e-01  -8.0350890e-02  -1.0155220e-02
  -6.6538964e-02  -4.5757759e-02  -8.4166015e-02  -2.8058546e-02  -6.2192885e-02   4.6311250e-02  -8.2450532e-02   9.3447726e-02
   1.8650596e-01   1.4070219e-01   1.2438338e-01   3.2146338e-01  -7.7619729e-01  -2.8481908e-01   1.5829533e-01  -4.7822292e-02
  -1.0462279e-01  -1.7300849e-01   6.3863121e-02   2.1029369e-01  -9.3087836e-01  -1.9360290e-01   8.6571107e-02   2.9378673e-01
  -2.0878063e-01  -3.6613935e-01  -7.2962769e-02  -2.5508517e-01   4.4420515e-01   2.9771121e-01  -4.2271861e-02  -9.5898543e-02
   3.2225489e-01   2.0140642e-01  -2.9389198e-01  -8.1210529e-03   3.5572342e-01   1.6959472e-01  -5.9048904e-01  -6.3341425e-02
   1.0692986e-01  -1.1655607e-01  -3.9188122e-02   1.7959986e-02  -1.0643251e-01   4.4515499e-02  -1.6254087e-01   1.2833584e-01
  -1.1870790e-01  -1.8114981e-02  -9.5346770e-02  -3.3711865e-01   2.2376568e-01   1.7039833e-01  -3.5659175e-01  -7.0212025e-02
   4.2781835e-02   6.3657347e-02  -8.7963526e-02   3.7206808e-01  -2.0604861e-01  -2.5950718e-01   3.8459819e-01   5.9748137e-02
  -2.9802073e-01  -1.2795318e-01  -1.2154604e-03  -2.4855934e-01   3.4171911e-01   2.4766214e-01  -5.7495533e-02  -4.0606435e-02
   1.1554996e-02  -1.8035254e-02  -6.7560361e-02  -3.6614643e-02   3.8554543e-01   1.0640808e-01  -2.4142162e-01  -2.8501753e-02
   2.5040232e-01   1.8478867e-01   1.7637682e-01   3.0826643e-01  -3.1725504e-01  -1.8182377e-01   5.2345825e-01   1.1326255e-01
  -3.9307440e-02  -5.9148301e-02   5.9133767e-02   2.4637637e-01  -5.6249760e-02  -5.4022933e-02   5.8703116e-01   5.7009355e-02
   1.0540900e-01   1.3569707e-01   4.9168077e-02   2.3076066e-01  -4.5221566e-01  -1.4625320e-01   1.7614774e-02   8.2434583e-02
   1.0810480e-01  -2.2396278e-02   1.3724396e-01   5.8843216e-01  -2.0975707e-01  -1.3734561e-01   1.1535290e+00   2.0434475e-01
   2.2620832e-01   1.0888647e-01   1.2448138e-02   1.0443146e-01  -3.5855802e-01  -1.2471723e-02   2.1254401e-02   1.4944176e-01
   1.0569762e-01  -2.6661536e-02   8.7544002e-02  -1.0976315e-01   1.8552297e-01   3.5359413e-02   1.2918336e-03   2.9556078e-02
  -6.2584372e-02   8.9900047e-02   4.0725906e-02  -2.1822485e-01   3.8229749e-01   2.0851926e-01  -9.7897979e-02  -7.6468300e-02
  -5.8692587e-02  -3.8469060e-02   4.6669935e-02  -2.8996877e-02  -1.7577843e-01   3.3482924e-02  -2.0637089e-01  -8.9310827e-02
  -5.2502234e-02  -1.9422643e-01   3.0224960e-02  -8.9635721e-02  -4.3316525e-01   2.5430909e-02  -8.3042063e-02   1.2732358e-01
   8.7474785e-02   5.3966996e-02  -7.2185102e-02  -1.1254452e-01   9.7546733e-01   1.0521507e-01   3.2374763e-01  -6.2591823e-03
   5.0745642e-02  -9.0395532e-02   2.6014801e-02  -6.5927938e-02  -2.0238518e-01   8.3239410e-02  -1.6176777e-01   6.4294759e-02
  -3.0997555e-02   7.6243728e-02   1.0065933e-01   1.5900524e-01  -3.1984994e-01  -3.1807434e-01   3.8679810e-01   3.5090182e-03
  -1.0521131e-01  -1.4324352e-01   1.1804651e-01   2.8352282e-01  -7.1018147e-01  -2.2424665e-01   2.4938922e-01   1.4306542e-01
  -6.2545000e-02  -2.4925087e-01  -1.7017145e-02  -1.9127334e-01   7.3938987e-02   1.4551640e-01  -1.7195134e-01  -1.7140098e-01
   2.1041275e-01   2.6998516e-01  -1.4644157e-01  -2.6482270e-01   3.6109323e-01   7.2001707e-02  -3.4553694e-01   1.2003481e-01
   6.7631654e-02  -7.6500972e-02  -2.6288108e-02   8.4325059e-02  -2.4948276e-01  -6.4134178e-02  -1.6223464e-01  -6.0185493e-03
   4.5953599e-02  -5.9307557e-02  -1.4765344e-01  -2.8404757e-01   4.0702140e-01   2.4932194e-01  -4.9181276e-01  -5.2970734e-02
   4.2537558e-03   1.3871996e-01   5.1281348e-02   3.4725903e-01  -2.1500447e-01  -1.3346607e-01   4.5367809e-01   1.1327953e-01
  -2.3611730e-02  -3.6136966e-02  -8.6350439e-03  -2.5855028e-01   3.1102578e-01   2.5030833e-01  -2.5643129e-01  -1.8262017e-01
   9.8233314e-02   1.0112132e-02  -2.9423651e-02  -8.4751715e-02   1.7565480e-01   6.7246131e-02  -7.3257496e-02   6.2806296e-03
   3.4632856e-01   1.8487957e-01   1.4246453e-02   3.5946376e-01  -2.8927769e-01  -1.8190880e-01   2.6722977e-01  -9.4859005e-02
  -3.1766405e-02  -2.1355305e-02   1.2485141e-01   2.3475966e-01  -5.0552410e-02  -1.9000518e-02   4.9748956e-01   1.2840021e-01
  -1.0559799e-01  -2.0289240e-01   4.7202658e-02   1.0014287e-01  -2.5706905e-01  -7.6181205e-02   1.6400117e-02   2.1247452e-01
   3.4140701e-02  -1.9302531e-01   2.0308471e-01   6.0712454e-01  -5.1560445e-01  -2.8177589e-01   1.1368309e+00   2.4663772e-01
   1.1054459e-01  -8.4527279e-02   4.6653278e-02  -1.8110271e-02  -4.1432775e-01   9.1453218e-03   1.5720930e-02   2.6912278e-01
  -4.9856079e-02  -5.2771123e-02   1.3963633e-02  -9.8278730e-02   3.2499444e-01   6.4781830e-02   1.3997696e-01   8.5966033e-02
   1.1001404e-01   1.8500386e-01  -1.0875817e-01  -1.9566780e-01   4.0579863e-01   1.4770202e-01  -2.3856480e-01  -1.2739044e-01
  -1.3923566e-01  -2.4574747e-02   3.4039953e-02  -5.9839365e-04  -4.4860040e-01  -3.7440581e-02  -4.2432842e-01  -1.8716162e-01
  -1.2549356e-01  -1.2521281e-01  -1.4176573e-03  -1.8174824e-01  -3.8178116e-01  -9.7669391e-04  -3.8144445e-01  -2.0529132e-02
  -1.0860706e-01   3.2212577e-02   5.7014912e-02  -1.4036473e-01   5.7197153e-01   1.4012647e-01   2.5999814e-01   8.3384363e-02
   4.9949290e-02   8.3945411e-02  -1.2827446e-02  -1.4651925e-01  -6.3363845e-02   2.2785723e-02  -2.0011126e-02  -1.2713733e-01
   1.8748051e-01   2.1277695e-01   7.4446398e-02   3.8727980e-01  -2.2012417e-01  -1.9133088e-01   4.0191906e-01  -1.1705954e-01
  -7.2156988e-02  -9.2754024e-02   5.6663923e-02   2.3040910e-01  -5.0343802e-01  -2.3335554e-01   2.3310761e-01   2.1259673e-01
   1.5453824e-02  -1.7758141e-01  -1.3072586e-01  -1.4538122e-01   2.7406552e-01   1.5975218e-01  -1.3403243e-01  -1.4598215e-01
   2.9425930e-01   1.1606679e-01  -1.3447752e-01  -1.3626934e-01   2.4663010e-01   1.0058858e-01  -3.8194285e-01  -2.4949900e-02
  -1.0802357e-02  -1.4123120e-01   4.2506390e-02   8.5500898e-02  -3.5840209e-01  -7.4470131e-02  -6.5724294e-02   1.2020881e-03
   1.3052669e-02   1.4649292e-02  -2.1889283e-01  -2.2379603e-01   4.1334019e-01   1.8089651e-01  -4.9009541e-01  -1.4259121e-01
  -9.6957793e-02  -8.4922360e-02   9.5399723e-02   1.4925188e-01  -2.2788902e-01  -1.2753937e-01   2.4827034e-01   2.1825644e-01
   9.5587951e-03  -1.6283581e-01  -1.6510660e-01  -8.9582068e-02   4.4117572e-01   2.7898135e-01  -4.8300952e-01  -2.3460804e-01
   2.2895233e-01   1.6289133e-01  -3.6674976e-02   1.4520464e-01   3.8448010e-01   2.5794786e-02   2.4837805e-01  -1.7973217e-01
   2.8358129e-01   2.9155342e-01  -3.7101824e-02   2.6969733e-01   5.5077346e-02  -1.2393020e-01   2.5653367e-01  -8.8812006e-02
   1.0872167e-01   1.7547236e-02   2.1996413e-01   4.2532863e-02  -6.2113498e-02  -1.5122597e-01   6.2077680e-01   2.7812642e-02
  -1.3822443e-01  -3.1611482e-01   1.2787198e-01   1.7803974e-01  -3.2856847e-01  -6.5541213e-02   2.2725168e-01   3.1248001e-01
  -1.4572996e-02  -1.6167845e-01   1.5881198e-01   2.9439327e-01  -3.4464725e-01  -1.7582018e-01   1.0245375e+00   2.1265966e-01
  -3.3308043e-02  -1.2615812e-01   9.8370203e-02  -5.0722975e-02  -3.0479724e-01   1.1838481e-02  -1.2734400e-01   2.9281712e-01
  -3.5305688e-02   2.0415957e-02  -1.0292297e-02   2.3057976e-02   6.9169807e-02  -2.1115337e-02  -2.0398867e-02  -6.7858634e-02
   1.1246150e-01   8.5787493e-02  -1.6551307e-01  -1.8425825e-01   7.6003587e-02   1.5689891e-01  -3.5600449e-01  -5.5989496e-02
  -7.7272759e-02   7.6911970e-02   9.2469556e-03  -1.7191965e-01  -3.2319077e-01  -7.5967558e-02  -2.9371111e-01  -1.2615429e-01
  -5.6247626e-02  -2.1538241e-01  -5.4387181e-02  -2.6437719e-01  -3.4551386e-01   7.7714657e-02  -4.4735895e-01   1.9810705e-01
  -9.4372469e-02  -2.0989166e-01   6.4960945e-02  -1.6639977e-01   1.8012383e-01   1.7177570e-01   1.3779190e-01   2.0409712e-01
   1.1108903e-01   2.2871791e-01  -4.8698678e-02   6.5849880e-02  -1.1741810e-01   5.2878483e-03   3.9724405e-02  -1.8548271e-01
   2.3186797e-01   3.6990840e-01  -3.3704319e-03   4.4644479e-01  -3.8086007e-02  -1.6720886e-01   4.3309756e-01  -1.3876732e-01
  -1.5915521e-01  -4.9840025e-03   1.0502727e-01   2.1129546e-01  -4.9573355e-01  -1.8232097e-01   6.3620366e-02   2.6418472e-02
   2.1338374e-03  -2.4398344e-01  -3.3937179e-02  -1.0001381e-01   3.9346073e-01   1.2901394e-01  -3.8680594e-02  -1.2653394e-01
   1.9755558e-01   1.0292807e-01  -2.4830844e-02  -6.7305126e-02   2.5564201e-01   2.0047021e-02  -2.2074979e-01  -9.7410618e-02
  -1.4487104e-02  -5.4565439e-02  -2.7064185e-02  -7.4829281e-02  -3.5967658e-01  -1.3088457e-01  -1.0213089e-01   8.8178054e-02
  -7.5040604e-02  -1.1622059e-02   3.7994596e-02  -1.8870452e-01  -4.2287313e-02   1.0523959e-01  -2.6101011e-01   6.0419309e-02
  -8.8219968e-02  -1.2273997e-01   1.0542092e-01   2.0549444e-01  -1.7024004e-01  -1.8425576e-01   4.0193840e-01   2.7567728e-01
  -2.6333866e-02  -8.0861190e-04  -1.9003035e-03  -2.0041902e-01   5.8530922e-01   2.3953867e-01  -1.5753532e-01  -7.9028577e-02
  -9.8273632e-03  -4.9810859e-02  -2.4794991e-02  -8.3796705e-04   2.4190555e-01   8.4767781e-02  -5.3311187e-02  -1.8815926e-02
   2.0347375e-01   3.1267401e-01   1.0749061e-01   3.0944110e-01   4.0252041e-02  -1.1033645e-01   3.6757464e-01  -1.3449073e-01
   1.2429438e-01  -5.7610963e-02   3.2065201e-02   1.2248947e-01   1.2142740e-02  -5.4453429e-02   3.5862610e-01   1.7826800e-01
  -2.6600491e-02  -1.7210643e-01   4.9233840e-02   9.7198313e-02  -4.5514387e-01  -1.0761802e-01   2.1481213e-01   1.7422445e-01
  -4.2624141e-02  -2.1087196e-01   1.2615220e-01   3.0934565e-01  -2.1690552e-01  -1.5980690e-01   5.5402043e-01   1.0600387e-01
  -1.1560022e-01  -1.5249279e-01   1.2213597e-01  -4.6569254e-02  -3.8829788e-01   5.5636204e-02  -2.3861469e-02   2.9868071e-01
   6.3823062e-02  -1.1109079e-01   1.2477774e-02   5.1163891e-03   2.9753412e-01   2.8761157e-02   3.9280598e-01   1.6834874e-01
  -1.0909458e-02   1.5542757e-01  -1.2481146e-01  -1.2197908e-01   1.5150898e-01   2.3394723e-01  -3.9700180e-01  -4.8936492e-02
   1.2282899e-01  -5.2808254e-03   4.5289011e-02  -2.9815429e-02  -5.3403106e-02  -4.1032150e-03  -6.7102865e-02  -1.1743619e-01
  -5.3913449e-02  -2.4210773e-02  -9.4559985e-02  -9.6248020e-02  -6.1759300e-01  -1.0565978e-02  -6.1525444e-01  -8.2164031e-02
   3.7873501e-02  -3.8435238e-02  -2.2545274e-03   3.7027900e-02   5.8058850e-01   9.2526687e-02   9.3892972e-02  -3.8338854e-02
  -4.3171754e-02   5.3482088e-02   5.3971927e-02  -5.3734779e-02   4.0980515e-03   8.5228096e-02   1.5535480e-01  -1.7497566e-03
   2.4807567e-01   4.1633379e-01   8.4822335e-02   4.2628382e-01  -1.4776349e-01  -2.3686306e-01   5.7626417e-01  -1.0563642e-01
  -5.7295526e-02  -1.5353194e-01   9.0499920e-02   2.5577206e-01  -7.0959224e-01  -2.2306366e-01   1.1279165e-01   1.3093769e-01
  -1.4235874e-01  -1.6232767e-01   1.0395489e-01  -9.8324839e-02   3.4595475e-01   2.1650152e-01   7.7802514e-02  -2.2071983e-01
  -4.9418082e-02  -1.1578202e-01  -4.5942385e-02   1.0755240e-02   4.9270080e-02   7.4664041e-02   2.6539177e-02   1.2482114e-01
   4.2056886e-02   1.5034797e-01  -1.2940849e-02   9.4574508e-02  -5.2723616e-01  -6.0202089e-02  -1.9435897e-01   2.2497191e-02
   4.7386720e-02  -7.4481124e-02   7.0143433e-02  -1.4513097e-01  -1.4197951e-01   1.4990924e-01  -8.0558590e-02  -7.0304028e-04
  -1.5055571e-01  -9.1622827e-02   1.1119735e-01   2.1753404e-02   5.5938388e-02  -1.8513143e-02   1.3735427e-01   2.9838471e-01
  -8.7144843e-02  -3.0546031e-01  -6.8335108e-02  -3.4623415e-01   4.1832474e-01   2.5891787e-01  -7.5696869e-02  -1.1632296e-01
   7.4628982e-02  -6.1164046e-02   3.7801339e-02   5.7600298e-02   3.6271240e-01   4.4549282e-02   2.7802767e-01   3.8913653e-02
   3.0454061e-02   3.8828322e-02  -2.9790805e-02   1.1927781e-01   4.7698513e-02  -6.6832835e-02   9.4855006e-02   1.0749333e-01
   3.3466909e-02   2.4052379e-02   2.0174893e-02   1.1051136e-01  -8.6764720e-04  -4.9535512e-02   1.0601392e-01   6.0436041e-02
   3.9245887e-02  -8.6307004e-02   1.9543403e-02   1.4699740e-01  -2.9143349e-01  -1.1391893e-01   1.5266232e-01   8.8947574e-02
   5.5302167e-03  -1.0567163e-01  -8.4269626e-03   2.0413499e-01  -3.8379606e-01  -1.0086767e-01   1.9013919e-01   9.4277273e-02
   4.7310323e-02   4.1624006e-02   5.4118413e-02  -4.4480540e-02  -2.6917175e-01  -7.5779348e-03  -9.0242742e-02   2.2148826e-01
   9.6707577e-02   3.1315171e-02   4.4930815e-02   1.3183417e-01   3.7943281e-01   4.5674398e-02   4.0482345e-01   3.6786862e-02
  -1.0169355e-02  -4.4469725e-02  -1.0874455e-01  -1.9788125e-01   3.9800479e-02   1.2054370e-01  -3.5173720e-01   4.7696720e-02
  -1.8519344e-01  -4.8863631e-02  -1.3790478e-01  -1.0203566e-01  -1.4441687e-01   2.0659991e-02  -3.9412535e-01  -1.9393876e-01
   4.5991807e-02  -2.0035500e-02   1.6165864e-02  -5.0770711e-02  -5.8863868e-01   6.2187151e-02  -4.7273948e-01  -3.5466189e-02
  -8.0177508e-02   7.6348349e-02  -7.3294831e-03   1.1171169e-02   3.6357908e-01   9.9749304e-02  -4.7765061e-02  -9.4640758e-02
   1.0448920e-01   1.6935180e-01   1.2095214e-02   1.4925815e-01  -8.6732149e-02  -5.5120168e-02   2.8006953e-01  -7.6001688e-02
   1.7189174e-01   3.0450496e-01   2.5989830e-02   2.9038904e-01  -2.2534827e-01  -8.7640723e-02   3.5457922e-01   1.4197347e-02
  -1.2984480e-01  -1.3780974e-01   1.4239165e-01   1.4713308e-01  -4.5788464e-01  -9.5965155e-02  -3.6589729e-02   2.3018416e-01
  -4.3784302e-02  -8.6957779e-02  -7.1782143e-02  -7.1767654e-02   4.1633933e-01   6.9691080e-02  -9.7448844e-03  -2.1221288e-01
  -7.6838262e-02  -1.8912507e-02   8.2141286e-02  -2.1934645e-02  -2.8925605e-02   7.4662092e-02   1.3630134e-01   1.6407873e-02
   6.0886847e-03   9.8767474e-02  -2.4602689e-02   1.3858521e-01  -2.1865758e-01  -2.9573232e-02  -1.4471536e-02  -3.4316684e-02
   2.2114853e-01  -3.6591949e-02  -6.8132380e-02  -8.6517624e-02  -4.0254889e-02   8.6103403e-02  -2.1802740e-01  -6.2352614e-03
  -1.2106563e-01  -8.0467615e-02   9.5266781e-02   6.3657399e-03   5.4037170e-02  -1.9574532e-02   1.2648615e-01   2.4711563e-01
   1.3715172e-01  -3.8292810e-01  -1.4244870e-02  -1.2801960e-01   3.7180917e-01   1.9459592e-01   1.1244960e-01  -4.0730813e-02
   1.3910432e-01   9.8401665e-02  -1.7001764e-02   1.0572166e-01   2.1001935e-02   2.8619922e-02   2.1379880e-01  -4.5089831e-02
  -1.1039113e-01  -3.5354800e-02   2.7234654e-02  -7.6568564e-02   5.6675051e-02  -5.4431739e-03  -9.0022264e-02   2.4515863e-01
  -7.7087072e-03  -6.6684731e-02   3.9390156e-02   2.2668151e-01   5.0708920e-02   3.7496134e-06   4.4071719e-01   2.1034320e-01
   9.6438150e-02   2.2987816e-03   7.3438487e-02   1.7653424e-01  -2.9307026e-01  -4.1168825e-02   3.4136640e-01   1.0504371e-01
  -4.1164407e-02   1.0479706e-01   7.9655221e-02   1.3346193e-01  -2.5611159e-01  -7.1961699e-02   9.0089150e-03   7.5994578e-02
   1.4797429e-01   1.0343740e-01  -4.3691967e-02   1.1763786e-02  -1.2887993e-01   8.7018992e-03  -9.7755094e-02   2.5140077e-01
  -1.3027393e-01  -8.2864114e-02  -4.7241210e-03  -6.0429550e-02   1.4593794e-01   7.6625444e-02   3.6185654e-01   1.0448720e-01
   1.1165732e-01   9.3524879e-03   1.2160999e-03  -1.7786618e-01  -2.4029940e-01   7.1714370e-02  -3.4003124e-01  -5.9812909e-02
  -1.3746845e-01   4.1291435e-02  -9.8216245e-02  -5.1180196e-02  -1.1845542e-01   2.6675408e-02  -3.3175201e-01  -1.0139922e-01
  -6.1362041e-02   1.0628421e-01  -6.6828641e-02  -1.5390833e-01  -1.4227988e-01   2.0190131e-02  -2.9692166e-01  -1.5242843e-02
  -2.1740335e-01  -3.9893491e-02  -3.3532174e-02   8.0677962e-02   1.2528990e-01   1.2868077e-01   1.7413612e-02   1.1359177e-01
  -6.2709208e-02  -1.7376963e-01   8.6659332e-02   2.3938812e-02  -8.5088517e-02  -1.6126862e-02   1.3812748e-01   4.1600318e-02
   1.6911827e-01   8.2872619e-02   9.2133447e-02   2.9293365e-01  -5.6665157e-01  -1.5404763e-01   1.8750958e-01   6.6523584e-02
  -1.2874090e-01  -7.5294318e-03   1.4200845e-01   8.1552544e-02  -3.3351322e-01  -1.0394744e-01   7.4883317e-03  -7.9215004e-03
   1.1389352e-02  -1.0164574e-01  -3.6585151e-02  -6.6123695e-02   4.5384391e-01   5.3213047e-02   1.4857815e-01  -1.0869842e-01
  -2.1747905e-03   2.5428143e-02   8.1354833e-02  -1.1050225e-01   2.3542946e-01   5.7476481e-02   2.1489637e-01  -5.3280945e-02
  -3.9174406e-02  -5.1250424e-03   5.7774812e-02   5.9333488e-02  -1.0224732e-01   1.0633792e-02   7.8668860e-03   2.5535473e-02
   1.1662263e-01  -2.7454998e-02  -2.1209909e-03  -1.1780222e-02  -8.1230401e-02   7.0814727e-02  -1.4820341e-01   7.3080846e-02
  -8.3297561e-02  -6.0063292e-02  -2.0972554e-02   8.1608708e-03   4.1113174e-02  -3.7086084e-02   2.6435627e-01   2.2151243e-01
   1.1504552e-01  -2.1672501e-01   7.9416476e-02  -4.9895474e-02   3.0763688e-01   1.6626138e-01   3.0975713e-01   8.7084252e-02
   3.4684794e-01   2.2866255e-01   3.6192532e-02   2.0952768e-01  -1.3254483e-01  -8.5944094e-02   2.2829923e-01  -1.6586437e-01
  -1.5864681e-01  -3.9848787e-02  -2.2876236e-02  -1.3410779e-01   9.4918581e-02  -1.2690404e-03  -3.7614719e-01   1.8142632e-01
  -6.2800796e-02  -5.1866779e-02   1.0444071e-02   1.6786323e-01   1.9197121e-01  -4.8168025e-02   4.9861292e-01   1.9526151e-01
   1.3766373e-02   4.8313308e-02   2.4899230e-02   8.6962632e-02  -1.1044726e-01  -8.6677921e-02   1.0492529e-01   1.7466607e-02
  -3.9105697e-02   1.0784369e-02   1.2035570e-01   2.0268864e-01  -2.4649076e-01  -1.6427435e-01   1.3893269e-01   1.5803632e-02
   1.5167465e-01   1.6808944e-01  -1.1391684e-01   7.7668301e-02  -2.5816461e-01  -1.7777814e-02  -3.4657646e-01  -1.2686369e-01
  -6.0218081e-02   1.5547437e-01  -2.3937319e-02  -1.5520852e-01   1.6960058e-01   2.1937941e-02   4.4821840e-02   8.6658660e-02
  -3.0305685e-02   1.0593076e-02  -5.2147115e-02  -3.7614801e-02   2.6564324e-02   6.4203502e-02  -1.0502222e-01  -3.2722819e-03
  -7.4395551e-02  -5.2952390e-02  -6.5838102e-02  -7.4087154e-02  -2.4853621e-01  -6.0884027e-02  -3.3749262e-01  -1.0103284e-01
   5.6700818e-03  -1.1275865e-03  -4.3541713e-03  -7.8550998e-02   1.2817886e-01  -2.2427194e-03  -7.7364417e-02   5.7996797e-02
  -1.2493841e-01  -3.2595557e-02   6.0854693e-02  -8.5528673e-02  -5.4856893e-02   1.1914959e-01   8.0413945e-02   2.6236318e-01
   1.0308812e-02  -9.0130385e-02   1.8998257e-02   9.6439015e-03  -3.2355837e-01   2.1014816e-02   1.0954266e-01   2.4996502e-02
   1.0520104e-01   1.9053447e-01   8.9437340e-04   7.0470951e-02  -8.0837370e-01  -2.2269185e-01  -8.8189027e-02  -1.0729032e-02
  -7.7872938e-02  -1.0446703e-01  -1.9511406e-02   8.0148746e-02  -1.8671194e-01  -9.2067771e-02   1.2367841e-01   2.4682817e-01
  -4.6069633e-02  -1.1358519e-01  -4.1647545e-02   9.6744208e-02   3.1085869e-01   1.6713808e-01   2.3677245e-01  -2.3909278e-01
   7.9208846e-02   6.3111180e-02   8.1494793e-02  -5.4302470e-02   2.1776941e-01   1.4471614e-01   2.5501506e-01   1.4266068e-01
  -6.6706271e-02  -3.7141938e-02   2.9777972e-02  -6.6739307e-02  -1.8498048e-01   1.6551093e-02  -3.6242194e-02   1.7552619e-02
   1.9641956e-01  -2.2224581e-02  -1.0636187e-01   9.5222934e-02  -1.8423682e-01  -1.1668115e-02  -8.4862699e-02  -5.3568176e-02
  -5.2833267e-02  -1.9432082e-01   5.8890975e-02   8.3178737e-03   4.0363003e-01   8.4609996e-02   4.5237081e-01   2.1993673e-01
  -6.1403259e-03  -1.7929269e-01   2.4647451e-02  -1.7757260e-02   1.5106861e-01   1.0904066e-01  -9.2405208e-03  -1.4114135e-01
   2.1436866e-01   2.3338376e-01  -2.6247316e-02   1.1330494e-01  -4.0251761e-01   4.5056259e-02  -9.9519564e-02  -1.0184604e-01
  -8.3697857e-02  -1.7249155e-01  -9.1708450e-03  -9.2489424e-03   7.3186454e-02   1.2062277e-02  -1.4368981e-01   9.6937872e-02
  -1.4989605e-01   8.9902156e-03   2.4135687e-02   1.0793802e-01   1.8617786e-01   4.4278780e-02   3.5524854e-01  -9.9245262e-03
   5.6127683e-02   1.4531492e-01  -2.1066984e-02   1.2716953e-01  -1.1505541e-01  -1.0646582e-01   1.6135171e-01  -6.1207678e-02
  -7.1409986e-02  -6.5296367e-02   4.4791382e-02   5.6819268e-02  -1.6557761e-01  -3.2953801e-02   1.8320156e-01   3.2089608e-01
   9.4825884e-02   2.4967673e-01  -4.0686506e-02   9.8124520e-02   3.3362272e-01  -3.2931033e-02  -1.2096080e-01  -1.6113975e-01
   2.8009407e-01   1.7612727e-01   3.5734231e-02   4.7338399e-02  -1.8866703e-01  -5.0952871e-02  -1.0706515e-02  -1.4175421e-01
   7.3120453e-02  -1.8735874e-01   1.0646096e-01   2.2012585e-03  -1.0378828e-01   5.8551549e-03   1.7122010e-02   3.3194092e-02
   2.9294542e-02  -1.4102801e-01  -1.1683093e-01  -3.3140363e-02  -2.3038746e-01   7.0444561e-02  -1.1796821e-01   1.0574052e-01
  -9.6393432e-02  -1.0475387e-01  -9.9843315e-02  -2.4346312e-01   1.0631430e-02   1.0979475e-01  -4.3634762e-01   7.0733055e-02
   7.5426856e-02   8.8928846e-03   4.8134747e-02  -3.5177651e-02   8.1543762e-02   1.4278014e-01   8.0738912e-02   2.6557527e-01
   6.9731606e-02   4.1757120e-02   3.5167823e-03   1.2625866e-02  -3.2967759e-01   3.6828721e-02  -2.6996937e-02  -8.4078857e-03
   1.9391302e-01   5.3248518e-02   1.2293203e-01   1.0728255e-01  -6.6943775e-01  -1.1608500e-01   3.5985805e-02   2.0311862e-01
   8.6773616e-02  -4.6209759e-02   2.2275375e-02   1.9722196e-01  -1.5275968e-01  -1.0951408e-01   1.9495338e-01   2.3509502e-01
  -1.0130376e-01  -3.4386387e-02  -9.7198159e-02   7.1187346e-02   3.7630779e-01  -7.3100260e-02   5.5819073e-02  -4.1622097e-01
   1.3836398e-01   4.0348206e-03   4.3209912e-02   8.5796816e-02   2.1245813e-01   1.3613007e-01   3.0596760e-01   2.6904797e-01
  -6.3302435e-02  -1.1051260e-01   3.7649586e-02  -3.5507178e-03  -2.4880827e-01  -1.9328611e-02  -1.0708244e-01   1.4409092e-02
  -5.8606527e-02   3.4688534e-02  -7.5108538e-02  -3.5707121e-04   6.6447026e-02   3.9246914e-02  -1.0352813e-01  -1.2329708e-01
  -5.7293984e-02  -2.0043689e-01  -1.4425809e-02  -1.4457445e-02   5.4805617e-01   3.2062146e-02   3.4213451e-01   2.2907825e-01
  -6.7716541e-02  -2.2366348e-01   1.2595244e-02  -4.6975126e-02   6.1644022e-02   1.1552837e-01   1.9715147e-01  -1.3387264e-01
   1.3886779e-01   1.3835303e-01  -7.6152603e-02   1.3456669e-01  -4.0033076e-01  -9.0159068e-03  -1.3722764e-01  -4.5186204e-02
   9.5933042e-03  -3.3995619e-02   2.4637426e-02   1.9555466e-02   5.1844640e-03  -1.3738170e-01   6.1621307e-02   8.7461756e-02
   1.6404610e-01  -9.2619839e-02   6.2869983e-02   1.3209955e-01   2.0660309e-01  -1.3402737e-02   2.5270409e-01   6.3458670e-02
   1.8202982e-01   1.2628320e-01  -1.0868292e-02   1.3887887e-01  -1.0627214e-02  -6.8076919e-02   3.3620130e-01   5.5955489e-02
  -1.9042608e-01  -1.5701488e-01   1.3533018e-01  -4.9126015e-02  -2.5251192e-01   5.4781478e-02   5.5498802e-04   1.2683119e-01
   2.8248319e-01   1.8334037e-01  -1.7355942e-03   2.2519550e-02  -1.3673932e-01  -1.8895740e-02  -1.3663445e-01  -5.8017201e-02
   1.0516297e-01  -9.8201376e-04   1.3095053e-02  -3.9922055e-02  -1.3449346e-01   4.1125681e-02  -5.5313999e-02  -3.8816757e-02
   4.6711770e-02  -2.2722783e-02   1.2522827e-02   4.6657390e-02   1.4515271e-01  -4.4184136e-02   3.0384517e-01  -9.7466141e-02
  -6.0528538e-02  -1.0299666e-01  -9.8446294e-02  -1.6965497e-01   5.5331602e-02   8.0155796e-02  -1.5557822e-01   2.1075276e-02
  -6.4664493e-02  -1.0462207e-02  -8.7445609e-02  -2.6809595e-01  -2.9136409e-01   4.4488429e-02  -5.3537425e-01  -9.5448701e-02
   9.3899368e-03  -9.2821865e-02  -6.9825075e-02  -1.3575304e-02  -5.3241318e-03  -3.5253092e-02  -7.8283787e-02   1.7003620e-01
  -6.9854623e-02  -5.9247372e-02   1.6937946e-03  -4.3291481e-02  -3.2991570e-01  -2.0492446e-05  -1.7788322e-01   6.2435645e-02
   7.7605535e-02   1.1087358e-01  -1.0472296e-01   7.8967708e-02  -3.8224913e-01  -3.1141257e-02  -5.1438382e-02  -4.6892545e-03
   4.2032492e-02  -3.7625517e-02   6.6657576e-03   2.1827093e-02  -1.5324438e-01  -8.0055016e-02  -1.5480760e-01   2.9462721e-01
   6.5550698e-02   1.4041816e-01   4.9854845e-03   1.7378942e-01   2.0910147e-01  -3.1349101e-02   8.7215259e-02  -3.3000713e-01
   1.7677626e-01  -2.5968234e-01   1.1346872e-01   2.7186745e-01   8.1891886e-03   4.3159488e-02   4.6799860e-01   6.8045711e-02
  -2.7368947e-02  -4.9682810e-02  -1.3042145e-02   1.8391272e-01  -2.4478971e-01   1.9266969e-03  -1.2520921e-02  -4.0801735e-02
   1.9750266e-02  -1.1647363e-01   3.3745722e-02  -3.9346097e-02   3.4197520e-02   1.2822136e-01   7.6109969e-02   2.6607799e-02
  -2.9968566e-01  -2.2663804e-01  -4.8192324e-02  -1.5770827e-01   5.3559014e-01   5.1257175e-02   6.6341717e-02   3.4650557e-01
  -1.5918003e-01  -7.2771196e-02   6.7005223e-02  -2.5296361e-01   2.5665991e-01   1.5994880e-01   6.2690683e-02  -6.1794969e-02
   2.6693098e-01   2.8202822e-01  -1.0372562e-01   2.1975844e-01  -4.4621140e-01  -8.3481253e-02   1.6203244e-01  -1.6634641e-01
  -6.9327769e-02  -1.2650042e-01  -1.8786859e-02   2.2348938e-02   1.5993914e-01   4.4053410e-02   1.5233864e-01   1.5639592e-01
  -1.4368950e-01   1.3696700e-01  -2.3639950e-03   6.7473787e-02   3.2117732e-01   6.2417072e-02  -5.2124765e-02  -2.1500570e-01
   1.4020159e-01   1.5734578e-01   6.3797513e-02   1.8604000e-01  -4.0310104e-02  -5.3515049e-02   4.8500619e-01  -1.3947616e-02
  -1.7641337e-01  -1.0556047e-01   2.9558666e-02  -8.7328368e-02  -5.0455498e-01  -8.7227650e-02  -1.9679228e-01   3.3955840e-01
   2.6845087e-01   1.7046764e-01  -1.4507355e-01   1.5355095e-01   2.3110619e-01  -5.6084193e-02   1.6587509e-02  -1.5490918e-01
   1.1249396e-01   1.4591048e-01   2.0113225e-02   3.4345420e-02  -3.6897813e-01   1.7946797e-02  -2.2285716e-01  -4.1287314e-02
   8.9189530e-02   1.6675931e-01   5.3903381e-02   2.6093853e-01   1.8596190e-01  -4.1758582e-02   3.8230818e-01  -3.6635474e-02
  -1.1163144e-01  -5.9548574e-02  -3.6732460e-02   7.3224442e-02   3.0841937e-01   3.3551186e-02   8.2547180e-03  -8.8896378e-02
  -2.0347939e-01  -1.7163280e-01  -2.1794044e-02  -2.5819726e-01  -4.2050866e-01   3.5276497e-02  -4.2866025e-01   1.5922501e-01
   1.0997609e-01   1.1993467e-01  -8.4201550e-02   1.9482187e-02   3.4959171e-01   6.2774976e-02   4.6289523e-02   9.0445951e-02
  -5.8017449e-02   6.8990731e-02  -8.8802689e-02  -1.9681635e-02  -4.1067372e-01  -6.0928900e-02  -1.1666264e-01  -5.7011023e-02
  -1.6775936e-02  -6.9548342e-02   8.4959936e-02   3.7583083e-03  -4.8802596e-01  -3.5653291e-02   2.0635402e-02   1.0558192e-01
  -2.2151238e-01  -2.8119005e-01   4.0324526e-02  -3.9229058e-02  -1.2812942e-01   2.3831647e-02   8.3643729e-02   4.2618170e-01
   6.7203561e-02   5.4480947e-02  -9.6698884e-02   1.6712621e-01   2.3341276e-02  -8.0765073e-02  -6.6099143e-03  -2.9865758e-01
   2.0277385e-01  -5.3422117e-02   6.8844027e-02   1.5077309e-01   1.3245212e-01   4.1419103e-02   2.3992489e-01  -1.3330410e-01
  -8.0246633e-02  -1.5391459e-01   2.0788279e-02   7.2494704e-02  -5.3118387e-01  -4.7218366e-02  -6.2377635e-02   9.3089189e-02
   8.8099611e-02  -2.1146196e-02   1.0912848e-01   1.2186517e-01   2.0089644e-02  -1.3955330e-02   2.5830536e-01   7.2798052e-02
  -2.9170779e-01  -3.3332571e-01  -5.5271416e-02  -6.8918337e-02   6.1195795e-01   1.9651688e-01   5.0305955e-02   3.4401106e-01
  -4.9622356e-02  -4.5722208e-02   9.2868055e-02  -2.0592249e-01   5.1754591e-02   9.3132326e-02   2.4056531e-02  -1.1863979e-01
   1.5176094e-01   2.3296734e-01  -1.7991119e-02   2.1596932e-01  -2.6863955e-01  -6.2976771e-02   1.2130553e-01  -5.6879876e-02
  -3.8675665e-05  -1.2289420e-01  -1.7162683e-02   2.0568854e-02   3.4438965e-01   1.9494121e-02   2.7154415e-01   7.9418924e-02
  -1.0438237e-01   6.3957609e-03  -4.0860804e-02  -1.1422594e-01   1.8737656e-02  -4.7421510e-02  -7.8954460e-02  -1.5723306e-01
   7.9603583e-02   1.8658915e-01  -4.8755859e-02   1.6512187e-01   3.6686454e-02  -7.7976681e-02   2.6867723e-01   5.2541938e-03
  -2.1381237e-02  -1.7694719e-01   2.4929690e-03  -4.5009799e-03  -5.0822854e-01   3.2407728e-02  -1.4912327e-01   2.2207046e-01
   1.4619343e-01   1.7856538e-01   1.3835858e-02   1.4851993e-01  -9.4744095e-02   1.8253209e-02   2.4655826e-02  -1.8492040e-01
   1.2475100e-01   1.3164500e-01  -9.7322148e-03   8.1372155e-02  -3.0151280e-01  -7.1318095e-02  -1.4377305e-01  -1.3309218e-01
   1.0564153e-01   9.1373157e-02   2.6841822e-02   2.9205133e-01   1.9208649e-01  -1.7633874e-02   3.7753545e-01   7.8428611e-02
   5.9049600e-02  -1.5678597e-01   3.6795303e-02   6.1910594e-02   2.6642914e-01  -1.5904432e-02   1.2387298e-01  -1.6787584e-01
  -2.2188501e-01  -2.0813070e-01  -1.4179441e-01  -1.7784059e-01  -1.7656746e-01   7.9091147e-02  -5.2656446e-01   3.2690171e-01
b1
   3.6449901e-01  -2.0968247e-01  -3.8238595e-02   5.0467149e-01  -7.6274911e-01   8.9079668e-02   6.8670094e-01   5.1302142e-01
w2
  -1.3775467e+00
  -2.1565059e+00
   1.7578662e+00
  -4.2654691e-01
   4.1002662e+00
  -9.5363977e-01
  -3.8134481e+00
   2.7639641e+00
b2
  -9.1918368e-02
