nin
   580
nhidden
   8
nout
   1
nwts
   4657
w1
   1.9245892e-02   2.6426408e-02  -6.5128652e-02   1.7023127e-02   2.2950184e-01   8.4290668e-02  -2.7869404e-01   6.3025632e-03
  -9.1456593e-02  -6.3139220e-02  -3.6654623e-02  -1.5209410e-01   1.1915713e-01   3.4364764e-02  -2.6878445e-01  -1.8804807e-02
   2.7884160e-02   3.9295021e-02   8.3964201e-02  -3.5069127e-02  -2.6794558e-01  -5.1056590e-02   5.0655828e-01   4.7567425e-03
   4.1668273e-02   2.7060739e-02   1.5515454e-01   3.1451480e-02  -3.0584998e-01  -9.7374961e-02   1.2208843e-01   2.4109414e-02
  -1.6258310e-02   2.5145639e-02  -9.5486906e-02   2.7137659e-01   6.3373452e-02   2.7401175e-04  -2.5455375e-01  -9.6902721e-03
   1.3621898e-01   3.2565250e-02   2.3739327e-02   2.1819794e-01   9.6097269e-02  -1.0927750e-01  -4.1263941e-01   9.6939942e-02
   5.2907091e-03  -6.2578864e-02  -1.5020825e-01  -2.6472505e-01  -1.6439837e-01   4.8933704e-02  -4.0687837e-01  -2.3853241e-02
   3.0426717e-02   7.3597285e-02  -6.3851177e-02   3.0030918e-01  -1.7110453e-02   7.8222137e-02  -2.7470734e-01   6.2177177e-02
   6.7228463e-02   2.7845563e-03   1.7947617e-01   9.2468695e-02  -1.4986442e-01  -3.7168381e-01   4.3897234e-01  -1.7519343e-02
   2.7409753e-02   1.4173056e-02  -2.1283707e-01   2.2874457e-01   1.5505068e-01   2.0239300e-02  -1.5154900e-02   9.5074658e-02
  -2.1679951e-02  -6.2946813e-02   4.6283469e-03  -2.9672259e-02   2.4286321e-01  -7.2154665e-02  -1.1775363e-01  -8.8414423e-03
   3.8254341e-02   8.4415786e-03   1.4631971e-01   1.1593175e-02  -1.4312246e-01  -2.3319355e-02   1.4662547e-01  -1.2278515e-02
  -4.3765148e-02   9.7888831e-02   6.3207547e-02  -1.2053953e-01  -4.9471857e-02   8.1124082e-02   1.3713194e-01  -1.2930704e-02
   8.3176158e-02  -3.4783427e-03   2.1807182e-02  -2.8667411e-01   2.9764655e-01   1.5793227e-02   6.0933622e-02  -2.7192622e-02
   1.9901580e-02  -5.9743735e-02   2.2264080e-01  -2.0012698e-01  -8.3160523e-02  -2.2566632e-01   1.8802397e-01  -3.9904733e-03
   2.0738182e-02   9.7780663e-03   3.7474913e-02   1.4928261e-02  -4.2175502e-03  -3.2265700e-02  -3.0217424e-01  -5.6185521e-03
   5.7792395e-02  -4.0308670e-02   5.1695023e-02   6.2434209e-02   6.7784043e-02   1.4640796e-03   3.3902586e-02   2.2147175e-02
   2.7792966e-02   2.4558950e-02  -1.3149781e-01   1.8710484e-01   2.4984264e-02   5.8503344e-02  -1.7804430e-01   7.9096786e-02
  -3.8084439e-02  -7.6178762e-02   6.6122078e-02  -6.4256061e-02   2.3867381e-01   1.2011023e-01  -1.0023991e-02   5.0229695e-03
  -1.8853571e-02   4.8369269e-02   3.5578153e-02  -7.4761163e-03  -8.0766296e-02  -1.0264695e-02   1.5397021e-01  -5.3402512e-02
   5.0967635e-02   9.6502025e-02  -1.3377982e-01   2.4440087e-01   1.2493845e-01   9.9788564e-02  -1.9567892e-01   1.0443074e-01
  -9.5968258e-02   3.4232221e-02  -5.9222729e-02  -2.0868932e-01   1.6880004e-01   1.0492337e-01  -4.4946548e-01  -3.5328726e-02
   3.1831646e-02   4.9729391e-02   6.9481233e-02  -1.1968176e-01  -1.4781191e-01  -4.8580423e-03   1.6496471e-01   4.4350921e-02
   9.5572876e-02  -1.4785656e-02   6.0028481e-02   4.2165536e-02  -3.4722196e-01  -5.8434072e-02  -1.2123082e-02  -1.2240532e-02
   2.1552335e-02   5.7944874e-02  -9.0020980e-02   1.1451567e-01   5.4820933e-02  -1.4022520e-01   4.4621338e-02  -4.7821032e-02
   1.2163240e-01   1.1932979e-01  -2.8433809e-03   2.4942604e-01   1.8496390e-01  -1.0575308e-01  -2.9078664e-01   8.4858828e-02
   3.5761225e-02  -6.4719544e-02  -2.9947291e-02  -5.6815371e-02  -9.7450680e-02   1.1084489e-01  -2.0393811e-01  -3.2285432e-02
  -1.8049915e-02   5.0653205e-02  -5.0008086e-02   1.1129769e-01  -7.3074194e-02  -1.0322121e-01  -2.9885980e-01   4.6496509e-03
  -2.2596817e-02   3.7670939e-02   2.3591599e-01   7.8350013e-04  -1.5789025e-01  -2.1020737e-01   3.7681650e-01  -2.1736107e-02
   2.2993874e-02  -5.0857438e-02  -6.3877036e-02   1.4419899e-01   2.6580732e-01  -2.7425299e-02   2.5967789e-02  -1.7911595e-02
  -1.3358231e-02  -4.6787215e-02  -5.5272901e-02  -4.3903638e-02   1.2800852e-01  -1.0846337e-01  -2.1629134e-01   2.4486273e-02
   5.7336246e-02   3.7528414e-02   1.6156100e-01   7.7716950e-02  -2.5158403e-01  -8.2656086e-03   1.3849520e-01   5.1752085e-02
   2.4488224e-02  -1.3504225e-02   8.0938916e-02   1.2939237e-02  -3.1781521e-03   1.4366676e-01   9.5435253e-03  -7.2664354e-02
   2.7197166e-02   1.2535025e-02   1.2064481e-02  -3.7006777e-02   2.7243701e-01  -6.2791873e-02   1.0479936e-01  -5.1892887e-02
   7.4130970e-02   4.2151358e-02   2.1665113e-01  -2.0375247e-01   2.5839765e-02  -1.8793893e-01   1.8165598e-01  -2.1296933e-02
   2.8255102e-02   2.4418297e-02   9.5009085e-02   7.2483022e-02  -1.0381789e-01  -9.3505923e-03  -2.0371649e-01  -3.2098343e-02
   5.2411320e-02  -1.9649474e-02   5.4739094e-04  -2.8584279e-02   1.8017432e-01   2.2918739e-01  -4.7957335e-02  -5.7611740e-02
  -3.7308510e-02   5.3730083e-02  -5.5980182e-02   9.6787437e-02  -4.1682629e-03   3.0374015e-02  -8.6804077e-02   4.5176970e-02
   7.4783832e-03  -9.4714387e-03   2.9278061e-02   4.2648649e-02  -2.1104768e-02   1.3483164e-01  -8.8138074e-02   5.2264464e-02
  -2.8118793e-02  -4.2775641e-02  -4.1073702e-02  -9.8957378e-02   2.3562218e-02   5.8099265e-02   1.2341476e-01  -1.2551188e-02
  -2.9510172e-02   1.2191633e-01   6.1839101e-03   2.2412845e-01   1.3202357e-01  -1.8208669e-02  -6.8480138e-02   7.2366566e-02
  -1.4226106e-02  -1.1832378e-02  -1.1994923e-01  -1.2675454e-01   2.4448034e-02   8.7216612e-02  -1.9446903e-01  -3.7045701e-02
  -3.6454448e-02  -4.2082718e-02   5.0845936e-02  -1.5393067e-01  -2.5878579e-01  -4.1167537e-02   1.1385600e-01  -9.9173658e-03
   7.4313607e-02   2.6638321e-02   9.5063354e-02   5.4956849e-02  -4.0989187e-01  -1.1500219e-01  -1.9519931e-01   1.1942744e-02
  -1.4953880e-02   9.7718750e-02  -2.3591050e-02   6.9557182e-02  -6.7693509e-02  -1.2343761e-02  -2.1087131e-02   5.5694093e-02
   9.2942482e-02   9.3502543e-02   8.0922141e-02   2.0493019e-01   8.9021295e-02   7.0806370e-02  -2.1939765e-01   5.0286578e-02
   4.9787051e-03   1.5607978e-02   6.3851568e-02  -1.2725510e-01   2.7991242e-03   4.2528445e-02  -6.7631298e-02  -5.7692354e-02
   3.3594687e-03   3.7646455e-02  -8.1823676e-02   2.8738039e-01  -5.1092910e-02  -5.8858339e-02  -3.6885840e-01   3.1546535e-02
  -8.7322084e-02  -1.9387806e-02   1.3972858e-01  -1.9998160e-02  -2.0453296e-01  -2.4315693e-01   1.3832187e-01  -5.3608263e-02
   4.4203338e-02   6.3199799e-02  -1.2587709e-01   2.5036894e-01   1.7954811e-01   5.0627515e-02   8.1504044e-02  -1.7633606e-02
  -4.7646458e-02  -2.4620583e-02  -6.4398992e-02  -4.3844975e-02   1.9313556e-01  -2.5259300e-02  -3.7651103e-01   1.7327100e-02
   5.5370330e-02   1.7277448e-02   8.9003699e-02  -1.3136219e-01  -2.5203262e-01  -1.9259568e-01   2.6571472e-01   3.2629786e-02
   4.1925375e-02  -3.5173526e-03   1.9933066e-02   7.9701192e-02   6.9942955e-03  -2.4654656e-02  -9.9502794e-02  -3.4431122e-03
   6.8035097e-02  -3.9471932e-02   1.0837528e-01  -1.7247440e-02   9.5872498e-02  -1.4050034e-02   2.1673497e-03   5.0083255e-02
   2.3181742e-02  -2.0497309e-02   1.0552403e-01  -9.5276632e-04  -1.4322228e-01  -2.0576068e-01   2.2522784e-01  -2.2472783e-02
  -5.8380169e-03  -3.4046270e-02   3.6656911e-02  -4.3902090e-02  -4.8254253e-02  -6.2526426e-02  -1.3583323e-01   6.5165271e-02
   3.4142907e-03   1.7247810e-02  -7.0483325e-03   6.4153250e-02   4.4037538e-01   1.0813752e-01   1.2302148e-01   5.8592009e-02
   4.2577593e-03   3.2143880e-02  -1.3522926e-01   2.2504885e-01  -1.7036581e-01  -3.1366399e-02  -2.2679415e-01   2.8769649e-02
  -6.4230552e-03  -9.7267986e-03   8.4753001e-02  -1.3936073e-01   5.0444126e-02  -4.8160670e-02   4.8051828e-02  -2.4890928e-02
  -2.7426907e-02  -1.0582661e-01  -1.3644274e-02  -9.6602229e-02  -4.9171479e-02  -3.6451035e-02   1.4636497e-01   2.5618491e-02
   5.9218841e-02   2.9908256e-02  -9.4875544e-03   2.2685906e-01   1.8502838e-02   3.4919983e-02  -1.6798032e-01   7.6902346e-02
  -5.0801558e-02  -1.4550747e-02  -1.0089281e-01  -1.6769845e-01   1.8349668e-01   1.1510356e-01  -3.2385201e-01  -5.8269400e-02
   5.8959561e-02   1.7047707e-02   6.6274389e-02  -5.3071488e-02  -8.4489116e-02  -9.7118944e-02  -7.3394074e-03  -2.9492917e-02
  -5.2027583e-02   1.2023468e-02   1.8472533e-01   4.7610925e-02  -2.9740491e-01  -2.1318996e-01  -1.8897567e-01   4.5394325e-02
   3.8655549e-02   3.4480202e-02   2.9415327e-02   2.4006606e-01   1.2367950e-01  -2.5836010e-02  -7.0920619e-02   3.3228129e-02
   5.7188014e-02  -3.3348306e-02   2.9495066e-02   2.2455766e-01  -2.7282920e-02   5.0633185e-02  -2.6873017e-01  -1.4460649e-02
   1.5711610e-02  -1.1269150e-02   6.2715722e-02  -7.9720014e-02   2.0956671e-01  -1.7092006e-02   3.2506365e-02  -2.6093852e-02
   9.6496474e-02   4.4988171e-02  -1.3226867e-01   3.3902852e-01  -7.5927274e-02   9.1297429e-03  -7.0831762e-02   1.0577101e-01
   1.6610224e-02   1.4466620e-02   2.1175382e-01  -9.7931475e-02  -1.0358144e-01  -2.0260364e-01   1.2949464e-01  -1.9105855e-02
   2.8549385e-02   4.8038690e-02  -2.2399113e-01   1.4197665e-01  -5.9225591e-03  -1.5694884e-02  -1.5542199e-01   8.3287865e-02
   1.2696404e-02  -1.4288260e-02  -1.0135710e-01  -8.8747916e-02  -9.5606831e-03   3.3609447e-02  -3.8249593e-01  -2.1490237e-02
  -2.1128309e-02   5.2352673e-03   8.5581060e-02  -1.4828513e-01  -1.0371499e-01  -8.2905139e-02   7.8176556e-02  -2.5586146e-02
  -1.0666067e-02  -1.2433062e-02   1.0000718e-01  -1.6166250e-02   1.4842201e-01  -2.3336468e-01  -2.1401388e-01  -1.8319008e-02
  -1.4362956e-02  -2.1781373e-02   7.1107782e-02  -8.1349699e-02   9.4077509e-02  -6.7998225e-02  -1.0613129e-01  -9.5612573e-02
  -2.9058530e-02  -2.2922310e-02   2.1142471e-01  -1.4063496e-01  -3.2052502e-01  -2.3490516e-01   4.5849014e-01   3.2159222e-02
   1.9531176e-02  -2.1754660e-02   4.1285869e-02  -1.9995555e-02   2.0422379e-02   4.9932986e-04  -2.1482924e-02   1.2557818e-02
   3.7446984e-02   3.3987681e-02  -3.4976231e-02  -3.2216837e-03   2.4622353e-01  -2.8555313e-02  -8.2602167e-03   1.4815630e-02
   6.7028386e-02   9.1529983e-02  -1.9791321e-01   2.8841945e-01  -1.5173278e-01   2.2671696e-01  -8.7333814e-02   1.1804686e-02
   5.1240661e-02  -2.6475587e-02  -7.9711687e-02  -1.6825991e-01  -6.4056560e-02  -1.0938473e-01   1.0704905e-01  -3.3115399e-03
  -3.4268575e-02  -4.3242301e-02   8.1737334e-03  -2.0891299e-01   1.1581907e-01   8.6558571e-02   2.1694599e-01  -1.3503004e-02
   5.1047273e-02   5.4460947e-02  -3.9875197e-02   7.4613557e-02  -3.6568056e-02   1.0940305e-03   4.6778175e-02   1.2894109e-01
   3.6292183e-02   4.4365703e-03   2.7540853e-02   2.3325677e-03   8.1898573e-02   3.0519410e-02   3.2937567e-02   5.7548551e-02
   4.2334635e-02   5.5983745e-02   5.7827047e-02  -1.0957194e-01  -2.1439007e-01  -6.2329683e-02  -2.3119489e-01   2.1215192e-02
  -2.4084035e-02  -7.9912063e-02   1.8231205e-01   3.6315224e-02  -2.2682140e-01  -1.4570619e-01  -2.0288783e-01  -2.0790092e-02
   4.6726341e-02  -2.0148897e-03   5.8278319e-02   1.3221218e-01   1.1106966e-01  -6.1558230e-02   1.2844678e-01  -3.3597640e-02
   2.4260529e-02  -6.8531021e-04  -1.4302642e-02   2.7126934e-02  -1.1209493e-01   6.6067983e-02  -2.3085754e-01   1.0762185e-01
  -3.4693301e-02   7.7752389e-02   2.7608703e-02   8.9370093e-02   1.6315349e-01  -5.2915776e-02   3.0254616e-01  -5.6066211e-02
   2.5922039e-02   7.3787654e-02   1.2221145e-03   3.6790326e-01  -4.2379007e-02   1.4257821e-02   7.4746663e-02   8.8105278e-02
   5.4321204e-02  -3.2026266e-02   9.5080064e-02  -1.5620833e-01  -9.1758866e-02  -1.0077440e-01   7.3350180e-02   1.3647695e-02
   1.5570889e-02   3.5751000e-02  -8.7487991e-02   1.2075606e-01   3.7949846e-02   7.7876905e-02  -1.1057251e-01   1.5874520e-03
   1.7740685e-02  -1.1923977e-02   7.3029154e-02   1.1605882e-01  -1.5095260e-01  -2.3589303e-02  -1.9494320e-01  -7.6813231e-02
   3.3025674e-02   4.6537839e-02   8.9868673e-02  -6.1735729e-02  -1.6331628e-01  -6.7924307e-02   8.6986995e-02   4.5112492e-02
  -5.8983216e-02  -3.0371445e-02   1.7544899e-01  -2.4082368e-02   1.2929042e-01  -1.5834665e-01  -1.9468362e-01  -2.9721870e-02
  -1.9564274e-02   2.3521964e-02   4.5300985e-02  -3.0641891e-02   1.9460018e-01  -6.4730387e-02  -1.2304633e-01   3.1704962e-02
   5.6804499e-02   4.2280122e-02   1.6131175e-01   5.6769015e-02  -1.7820098e-01  -2.0153530e-01   2.4739450e-01  -2.0979306e-02
  -2.5248587e-02   1.3505054e-04  -1.1676998e-01  -5.8857696e-02   1.6335962e-01   1.3280610e-01  -1.4633644e-01   1.1000583e-02
   3.9517343e-02   1.5889294e-03  -1.9607444e-02   9.1138837e-02   2.2580962e-01   6.4684466e-02  -4.7255998e-02  -1.0617177e-02
   3.5855625e-02   3.8870360e-02  -1.8092430e-01   1.3954203e-01   3.3885129e-02   1.1457218e-01  -2.0546654e-01   3.2727047e-02
  -1.8437077e-02  -2.1431036e-02  -9.7056070e-02   3.6171602e-02  -8.2462430e-02   4.6258778e-02  -1.9750854e-02   4.8953926e-02
  -1.9466054e-02  -2.6992800e-02  -6.4888725e-02  -2.7993296e-01   1.8892254e-01  -5.3044596e-04  -2.0391245e-02  -1.7789151e-02
  -5.1608846e-02   7.1241794e-03  -3.8296396e-03  -6.6918009e-02   6.4789711e-03   3.6445783e-02   3.0789941e-01  -4.3578038e-02
  -6.5489353e-02  -2.8043806e-02   1.3025085e-02   1.3330681e-01  -1.2362987e-01  -5.5295364e-02   1.1851470e-01  -9.3271418e-03
   3.0329048e-02   2.6771395e-02   1.0034942e-01  -3.6350532e-02  -2.5937256e-01  -9.9271095e-02  -1.8374959e-01   6.0423833e-02
  -7.1544685e-03  -5.9644112e-02   1.8150632e-01   2.9221996e-02  -2.3784361e-01  -1.4940825e-01  -2.8611295e-01  -1.7151844e-02
   7.2305000e-02   2.3046269e-02   6.6136957e-02   2.1315782e-01   3.6662762e-01  -3.0165543e-02   1.4186742e-01   3.8507568e-02
   4.2618409e-02  -2.7079660e-02  -3.2930165e-02   4.5128457e-03  -9.9370523e-02   1.0505393e-02  -2.3795448e-01   2.1200155e-02
  -6.7440305e-03   3.3418189e-02  -5.3082063e-02   9.0129575e-02   1.8344728e-01  -5.3862038e-02   1.5272267e-01   7.3169972e-02
   2.2495190e-02   3.0396616e-02   8.6416971e-03   2.8099242e-01  -1.5912602e-02  -1.4716132e-02   1.2237335e-01  -2.1793197e-02
  -3.9542272e-02  -8.8729273e-02   6.1272173e-02  -1.3873974e-01  -9.8006698e-02  -1.1891837e-01  -9.3143754e-02  -5.1463512e-02
   4.6304448e-03   6.4713265e-02  -1.2755641e-01   6.8139248e-02   6.3920528e-05   1.9560812e-01   4.7371328e-02  -3.7388146e-02
  -3.8991669e-02   6.7726141e-02  -3.4089877e-02   1.9012823e-01  -1.6436660e-01   3.6101329e-02  -1.8498579e-01   1.6331077e-02
  -3.4382509e-02   2.5596395e-02  -4.2907112e-02  -6.1300312e-02  -8.1263083e-02  -6.9212154e-02   1.1096296e-01  -2.5620606e-02
   8.6976764e-02   4.3016518e-02   1.3037087e-01   1.7066228e-03   3.1262055e-01  -1.6142676e-01  -2.0466155e-01   8.1744734e-02
   8.4583892e-04  -5.4214523e-02   7.5920834e-02  -1.5627948e-01   6.6823511e-02  -5.4881698e-02  -2.6454371e-01  -3.4720894e-02
  -1.8147064e-02  -2.1846123e-02   1.0446413e-01  -3.6081398e-03  -3.7337238e-01  -2.1768455e-01   1.6818361e-01   2.2442160e-02
  -1.7812276e-02   3.3470313e-02  -3.7908035e-02  -1.3908214e-01   2.5586203e-01   1.2087688e-01  -6.2724600e-02  -4.0331960e-02
  -3.1632863e-02   5.4666161e-02   1.4882667e-02  -7.2534438e-02   3.4298361e-02  -1.0556976e-01  -2.7647243e-02  -1.5807781e-02
  -4.6161570e-02  -1.0162776e-02  -1.7506415e-01   2.0129657e-01  -8.2300648e-02   1.2396470e-01  -1.7566003e-01   3.8250511e-02
  -1.4195561e-02   4.0067908e-02   5.1436539e-02   1.8592616e-02   2.7486786e-02   9.0475468e-02   5.3065694e-02   1.0318864e-01
   3.8328263e-02  -2.9529829e-03  -3.1087483e-02  -1.1808684e-01   7.0834783e-02   3.3985848e-02  -1.6210589e-01   1.1822365e-02
   3.3653138e-02   5.4113574e-03  -8.6454250e-02  -3.2552206e-02  -1.0136995e-01   1.0397247e-01   1.6645792e-01  -7.7073630e-02
   5.1630518e-02  -1.4509851e-02   7.2662190e-03   4.5497950e-02  -2.3580828e-01  -5.1519372e-02   2.9336816e-02  -3.6471741e-02
  -5.1833056e-02  -1.0497362e-02   5.7673334e-02  -2.4688467e-01  -4.5421618e-01   6.6138544e-02  -1.0719140e-01  -9.8613123e-02
  -2.4519034e-02  -9.3675931e-02   1.1082558e-01  -1.8959318e-01  -2.4939872e-01  -2.0515656e-02  -1.7626815e-01   4.3107103e-02
   1.8579099e-02  -1.8507989e-02  -6.8224535e-02   1.3408101e-01   5.4216034e-01  -1.4462949e-02   2.0439426e-01   5.4951989e-02
  -8.1978095e-03   9.8687582e-02  -1.3820620e-02  -2.9648558e-02   6.5353364e-02  -3.7818481e-02  -1.9996666e-01   4.1259624e-02
  -5.1409887e-02  -4.0134815e-03  -6.7545347e-02   1.4732512e-01   1.5084531e-01  -2.5317630e-02   2.7748436e-01  -3.2604283e-02
   7.8072738e-02   1.3943363e-01  -9.5352060e-02   2.8710166e-01   9.6368323e-02   3.4465582e-02  -6.1454316e-02   4.7630301e-02
  -1.3504229e-02  -3.1984343e-02   5.0806571e-02  -2.2034066e-01  -9.7976234e-02  -7.8880865e-02  -2.0954447e-01  -4.9143228e-02
  -1.2725532e-02   4.0955246e-02  -1.5926709e-01   3.8791498e-01   2.6657874e-01   8.2032831e-02   2.9948401e-02   4.6879510e-03
   5.3214224e-02   5.1541901e-02   6.6094295e-02   2.2273497e-01  -1.3231776e-01  -8.9920695e-02  -8.9131683e-02  -5.3062948e-02
   3.4995754e-02  -1.6179306e-03   1.6285656e-01  -2.6404257e-02  -1.0773073e-01  -6.1546386e-02   3.6052416e-02  -1.5575373e-02
   2.2407649e-02   2.0014285e-02   1.9564530e-01   1.3538948e-01   2.5437847e-01  -1.4559175e-01  -1.1355283e-01   6.1290628e-02
   2.4334788e-02   2.4560920e-02   2.8305480e-02  -3.4810558e-01  -7.5970494e-03   5.7310997e-02  -2.2747061e-01  -9.5442421e-03
   2.4765094e-02  -2.9628416e-02   2.0871317e-01  -8.5971497e-03  -3.6507698e-01  -7.4396387e-02   1.2682748e-01  -2.9678708e-02
   6.8717690e-02   3.8785419e-02   5.5474843e-03  -1.3827274e-01   1.7428288e-01  -6.3834099e-02  -6.9867675e-03  -7.5766512e-02
   5.2355595e-02  -1.8526200e-02   4.7613970e-02  -9.6025634e-02   4.7185939e-02   2.1913741e-02  -2.3223078e-02  -1.9262059e-02
  -4.0687851e-02   3.4632363e-02  -1.3903369e-01   1.8570967e-01  -1.2948383e-01   1.2753684e-01  -1.9993743e-01   7.3221917e-02
  -3.3333674e-02   5.5198249e-02  -1.6455775e-04   1.7213624e-01   1.2027175e-01  -5.3154768e-02   1.9539576e-01   6.1338144e-02
   3.8372212e-03  -3.3171320e-02   2.2935934e-03  -6.7856617e-02   1.2335265e-01  -7.6281460e-02  -5.7737410e-02  -4.2806178e-02
  -2.2527771e-02   2.3471236e-02  -7.9339097e-02  -2.9358253e-02   1.7601991e-02   1.7575692e-01   1.8742165e-01  -1.0269604e-03
  -2.9718978e-02   4.3044186e-02  -2.0162769e-02   1.6255692e-02  -1.4079587e-01  -4.1315840e-02   1.1846282e-01  -3.0972002e-02
  -4.4292035e-03  -7.2360886e-02   1.0759030e-01  -3.7236610e-01  -3.2955849e-01  -3.4150252e-02  -1.5276371e-01  -1.2802369e-02
   4.8522525e-02   8.8354199e-05   1.0600599e-01  -2.0969035e-01  -3.0543631e-01  -1.1134182e-01  -1.2445523e-01  -4.0891230e-02
   1.1454309e-02   4.3470212e-02  -9.8508705e-02   2.8101080e-01   6.9931735e-01  -6.1900173e-02   1.3062734e-01   4.7704612e-02
   3.7284929e-03  -2.7575410e-02   1.2436785e-01  -1.4900074e-01   1.5277996e-01   7.0175046e-02   3.0688902e-02   1.8723443e-02
   2.5072557e-03  -5.2408369e-03   3.6326446e-02  -3.5540675e-03   4.8199259e-02  -1.0239148e-01   2.2956404e-01   3.8701530e-02
   8.8724409e-02   3.9191559e-02  -1.6442001e-01   3.3918629e-01   3.4382038e-02  -2.7004017e-02   6.5403451e-02   4.3938020e-02
  -3.6206055e-02  -5.9151609e-02   9.1430836e-02  -1.6969825e-01  -5.5938212e-02  -4.0830023e-02  -3.4748600e-01  -2.7128114e-02
   1.2877389e-02  -4.2519196e-02  -2.5422653e-01   3.6350507e-01   4.6691455e-01   6.8224982e-02   1.2127918e-01   2.1930025e-02
   3.4831401e-02  -1.4347879e-02   1.1344945e-02   2.7812017e-01  -1.3323101e-01  -4.5415426e-02   1.3876603e-01   3.0717030e-02
  -6.0989157e-04  -7.8644153e-04   1.0524844e-01  -5.2064242e-02  -1.3726674e-01  -6.8632268e-02  -1.1753596e-01  -1.3248740e-02
   5.0561352e-02  -5.2894878e-02   8.3626737e-02   1.0120869e-02   1.2598572e-02  -1.1194700e-01  -2.1766739e-01  -3.8319003e-02
  -4.2160567e-02   3.4747959e-02   9.1769378e-02  -1.7944242e-01  -2.8178461e-01  -8.3615777e-02  -2.3595227e-01   4.8922288e-02
   3.7030862e-02  -7.5309328e-03   1.4207794e-01   9.7719055e-02  -2.4792396e-01  -2.9798363e-01   9.4561090e-03  -6.3071439e-02
  -2.3931381e-02  -8.5046091e-02   2.9355284e-02  -1.0603753e-01  -2.3281683e-01   7.8132676e-02  -1.8636335e-01  -5.3574387e-02
  -8.1721070e-03  -2.6617994e-03   2.6075121e-03  -1.4521729e-01   1.6267325e-01   3.2752686e-02  -9.7620242e-02   2.3828146e-02
   8.7947003e-02   8.9792888e-02  -1.3334599e-01   1.4401331e-01  -5.0559181e-02   4.9947684e-02  -1.9620407e-01  -1.5734245e-02
  -1.8107354e-02   3.5905254e-03   3.1018985e-02   1.3315563e-01   2.5855213e-01  -1.1908620e-03   1.6656460e-01   6.0250860e-02
  -6.6046169e-02   8.5579687e-03   1.2277855e-01  -1.9370102e-02   2.5995117e-02  -9.3575323e-02  -2.5730524e-01  -4.1227939e-03
   3.0790180e-02   3.2745807e-03  -6.5561451e-03   6.9794006e-02  -8.0994838e-02   7.5207454e-02   1.4277191e-01  -5.9513796e-02
  -3.8625483e-02   2.3141645e-03   1.4408435e-02   1.1608317e-01  -1.5758600e-03  -4.2912506e-02   1.0528249e-01  -6.6705469e-02
  -1.3566818e-02   8.0933096e-03   8.6171304e-02  -2.3825680e-01  -3.0642600e-01   3.3182739e-02  -2.1924039e-01   2.4011326e-02
  -2.7207123e-02  -1.0360553e-02   8.6661993e-02  -1.6184359e-01  -2.3271512e-01  -8.5473625e-02  -7.7706328e-02   4.8189079e-03
   6.2215033e-02   6.7226164e-02  -6.0993220e-02   3.1482302e-01   4.9651713e-01   6.8499611e-02   6.2023885e-02   7.4891097e-02
   3.8735435e-02   3.5379961e-02   6.1713258e-03  -1.2632161e-01   3.1544215e-01  -1.5314565e-01   7.5152956e-02   1.5845885e-02
   1.4086563e-02   2.6453159e-02   1.7396067e-01   8.6074290e-02   5.2597964e-02  -1.6406890e-01   9.8661685e-02  -2.8243585e-02
  -6.7089040e-02   2.9047841e-02  -6.5717616e-02   2.5479802e-01  -1.6395443e-02   5.9430918e-02   6.3646039e-02   6.7759960e-02
   9.4991414e-04  -6.3079677e-02   8.3191266e-02  -1.0125335e-01  -2.2682775e-02  -2.0117125e-01  -2.8449717e-01   6.5142235e-03
   7.9081037e-02   8.0167847e-03  -3.3393919e-01   4.5900026e-01   2.8194595e-01   2.0397546e-01   1.6256712e-01  -5.8185430e-03
   7.9337629e-02   2.4780737e-02   5.0165270e-04   2.7758944e-01   4.8126274e-03  -1.2515196e-01   1.6573239e-01  -7.7768823e-03
  -4.3028253e-02   2.7180585e-02   1.5620918e-01  -4.2315796e-02  -1.2930383e-01  -5.5880513e-02  -1.0136984e-01  -6.9143385e-05
  -1.3966112e-02  -3.9278120e-02   7.3381811e-02   2.6242324e-02   2.1171942e-02  -1.1651622e-01  -4.9928551e-01  -2.7965828e-02
  -4.7919191e-02   1.3989764e-02  -4.1911213e-03  -1.9926649e-01  -9.4778544e-02   7.5672988e-02  -1.6683166e-01  -9.1743712e-02
  -1.5457340e-02   1.2039067e-02   1.8002389e-01  -2.0222529e-03  -2.8080773e-01  -2.2908970e-01  -1.1069013e-01  -8.3047294e-02
  -1.0627113e-02   1.3155979e-01   1.1827788e-01   4.1032378e-02  -2.1826919e-01  -1.5150309e-01  -1.7974912e-01   9.7042020e-03
   2.7724439e-02   1.8096019e-02   8.8485177e-02  -2.8607620e-01   6.6854456e-02   3.7105254e-02  -1.3076700e-01  -7.5247338e-02
  -3.6210114e-03  -2.9489902e-02  -1.3628809e-01   1.7106990e-01   3.1464902e-02   2.0879578e-01   2.1533694e-01  -4.5812555e-03
   3.1450251e-02   2.9517788e-02  -6.2746888e-04   7.0275818e-02   3.2634163e-01  -6.9964131e-02   2.0835671e-01   1.2286316e-01
   5.8212705e-03   4.1861248e-02   2.5029618e-02   7.9400354e-02   2.7251305e-02  -5.7326968e-03   1.3829181e-03   6.9096128e-03
  -1.4204499e-02  -6.6448527e-03  -1.5059645e-01   1.6846089e-01  -4.9669191e-02   1.3693713e-01   2.5906592e-01   5.3651975e-02
   4.9261419e-03   4.9849227e-03  -9.4803777e-02  -6.3951723e-03   3.2360289e-02   3.4587339e-02   7.6802474e-02   1.2584712e-02
   4.0827034e-02  -3.7337772e-02   1.9805272e-01  -4.5508953e-02  -3.0792568e-01  -1.1258708e-01  -3.3322695e-01  -3.7074212e-02
   6.0038664e-02  -2.9427363e-02   4.0996773e-02  -1.4064307e-01  -3.3308301e-01   4.8923586e-02  -2.3015394e-01   1.8476305e-03
  -4.8401958e-02   3.4170630e-02  -1.0963971e-01   2.4052907e-02   4.9120801e-01  -5.8026989e-03   2.4807247e-01   2.3966840e-02
  -4.6206955e-02   6.2575610e-02  -3.5553709e-02   3.2538685e-02   2.4708920e-01   3.9934677e-03   5.0306063e-02   3.9700703e-02
   3.9666606e-02   3.2552158e-02   6.0058239e-02  -5.3034536e-02  -2.1517585e-02  -1.1955866e-02   4.5534334e-02   4.1437216e-02
   3.4449075e-02  -7.2069843e-02  -1.1297131e-01   2.5855302e-01   4.8479274e-02   8.0021929e-02   1.5075596e-01   6.0550997e-02
  -7.1860960e-02  -8.4730361e-03   1.6942112e-01  -2.1961796e-01  -4.7326887e-02   6.5767052e-03  -3.5757560e-01   1.0568674e-01
   6.8178523e-02   7.4909587e-02  -1.3785316e-01   2.2435510e-01   3.7828752e-01   6.6110525e-02   3.0414145e-01   4.7443803e-02
   9.8123152e-02   1.6949606e-02   3.0685920e-02   2.3612663e-01  -1.4902756e-01  -4.5302020e-02   6.5507396e-02   2.3667699e-02
   3.1006250e-02   3.4934444e-02   1.5709467e-01  -2.2760253e-01  -1.2026839e-01  -8.9695656e-02  -4.1110393e-01   2.7956223e-02
   1.0990762e-01   3.8547594e-02   9.7335674e-02  -1.8076306e-01  -2.4319397e-01  -2.7843234e-02  -5.1238863e-01  -3.2584655e-02
   1.6297031e-02   4.6845852e-02   1.0777837e-01  -4.6329953e-03  -1.2075322e-01   2.5555073e-02  -2.4296473e-01   1.6222943e-02
   9.8343456e-02   5.6631872e-02   1.7705143e-01  -5.7070149e-02  -1.2417336e-01  -2.1993634e-01  -1.8160398e-01   5.2448665e-02
   2.3023447e-02   5.9167270e-02   1.6212544e-01   3.1779097e-02  -4.7418867e-01  -5.7263690e-02  -1.1479986e-01  -6.8491001e-04
  -3.1425266e-02  -5.5351734e-02   7.9746238e-02  -9.8890319e-02  -4.2395281e-05   5.4889605e-02   3.2414492e-02   5.5700925e-02
  -1.5415007e-03  -2.7199833e-02  -1.6048873e-01   1.9357974e-01   5.3656864e-02   1.7675594e-01   2.6081451e-01   9.5409318e-02
   9.5404107e-02   5.3567139e-02   2.7046765e-02   2.3745252e-01   6.5395609e-01  -2.0822334e-01   1.9566964e-01  -1.4070075e-02
  -2.6488887e-02  -2.0060803e-02   1.3604230e-01  -8.6288046e-02  -5.4540462e-02  -1.0316198e-01   6.3825128e-02   3.1394773e-02
   5.4784627e-02  -1.0033521e-02  -1.9433287e-01   2.3937773e-01   1.1490038e-01   5.5089872e-02   3.7056268e-01   3.2943667e-02
  -5.1078083e-02   1.0010807e-02  -6.0169779e-02  -2.8057006e-02   7.8676531e-02   3.9116511e-02  -4.9488744e-02  -1.6473475e-02
   3.9141881e-02  -8.7507804e-03   2.3862233e-01  -1.2606600e-01  -4.2699505e-01  -2.4120425e-01  -4.6503585e-01  -2.2704375e-02
  -7.2633118e-02   1.5847479e-03  -4.1567989e-02  -9.2633433e-02  -4.6315435e-01   6.6931218e-02  -3.1434144e-01   2.9051198e-02
   1.6422027e-02  -3.6618987e-02   2.6596371e-02   5.5825126e-02   5.6014293e-01  -3.7566646e-02   2.4432334e-02   5.8096925e-02
  -8.1890970e-02   3.2720064e-02   4.6818486e-02  -3.2491794e-01   1.5313251e-01   5.6259869e-02   2.5536540e-01   2.7191341e-02
   4.0552142e-03  -6.5204278e-02   1.5306683e-01  -9.7669080e-02   5.0175357e-02  -1.0885457e-01   1.4588835e-01   5.6869565e-02
  -6.7453777e-03  -5.0377755e-02  -1.3098117e-01   1.3595179e-01   3.3562744e-01   1.8428780e-01   1.6436003e-01   5.5353500e-02
   1.3710876e-03   4.3187378e-03   1.0353920e-01  -1.7908063e-01  -1.6326382e-01  -5.8453955e-02  -3.9587594e-01  -6.1152090e-02
   4.7360482e-02   2.8847849e-02  -6.8557760e-02   2.4433279e-01   2.9185759e-01   1.5120872e-01   5.1164866e-01   2.0982703e-02
  -1.6200819e-02  -3.3735408e-02  -2.9424081e-03   1.8825209e-01  -2.0969905e-01  -2.4460844e-02  -6.8716365e-02  -1.8226936e-02
  -7.3578610e-02  -2.6996675e-03   2.0126828e-01  -2.3995159e-01  -1.9356787e-01  -9.7627057e-02  -4.8322611e-01  -9.9865921e-03
  -4.7322061e-02  -3.1827859e-02  -2.0287697e-02  -6.4869962e-02  -3.4117257e-01   1.1020459e-01  -4.1611286e-01  -3.7818427e-02
   6.6629654e-02  -3.5529984e-02  -4.0466013e-02   5.2560964e-02  -1.9665552e-01  -5.5094566e-02  -1.9585698e-01  -1.4173039e-02
   3.8617836e-02   1.0776020e-02   1.8740756e-01  -3.9643773e-02  -3.0589936e-01  -2.3358850e-01  -3.9127332e-01  -2.7220039e-03
   5.1415844e-02  -4.3769237e-02   1.3812181e-01  -1.2042221e-01  -3.5042087e-01  -1.3052339e-01  -7.7430080e-02   6.0726474e-02
   7.0993182e-02   2.9492192e-02   8.2005970e-02  -2.6112071e-02  -7.3877425e-02  -3.8444157e-02  -8.3014750e-02   1.0441534e-02
  -7.3093587e-02  -5.5532127e-02  -2.8749258e-01   3.8293126e-01   1.2829993e-03   1.0343844e-01   5.5220428e-01   5.3124434e-02
  -2.0585244e-02   4.1617720e-02  -3.7246674e-02   3.0136554e-01   5.9024874e-01  -6.2623775e-02   8.7004614e-02   1.1165455e-01
   4.0196070e-02   6.7881644e-02   1.1771398e-01   2.1838112e-01   1.4330226e-01  -9.9419276e-02   1.3697802e-01   2.5543143e-02
  -3.1172543e-02   5.2484335e-02  -1.0207773e-01   2.5782362e-01   2.6521444e-01  -3.6227607e-02   4.2930789e-01   3.0310456e-02
  -1.6755735e-02  -3.2894502e-02   4.3633942e-02   4.2481495e-03  -1.6939453e-02   2.2547367e-02  -1.7609026e-03  -3.0044826e-02
   5.7008202e-02  -2.0355133e-03   2.1084975e-01  -2.2878368e-01  -5.5045029e-01  -9.9930158e-02  -6.0539087e-01   1.0353387e-02
  -1.2012295e-02  -6.9657273e-02   5.5967051e-02  -1.1895108e-01  -5.2512952e-01  -3.6388381e-02  -1.7413839e-01  -8.0086186e-02
   5.1758986e-02   3.3115996e-02   7.4893436e-03  -4.9972781e-02   6.1122608e-01   1.7200084e-02   2.7268311e-01   2.3615626e-02
  -3.3022150e-02  -7.4244288e-02  -3.3282499e-03   4.2058894e-02   1.7525986e-01   5.9807061e-02   2.0813343e-01  -5.0311955e-02
   3.1923827e-02   2.4019464e-02   9.5927338e-02   3.0706765e-02   1.6192647e-01  -1.0208064e-01   1.2063608e-01   9.4751591e-03
  -5.1194254e-02  -2.3128676e-02  -3.1426467e-01   7.7164287e-02   3.8056197e-01   8.1610254e-02   1.2939281e-01   1.0588952e-02
   5.8877686e-03  -6.6434982e-02   1.1921694e-01  -4.1738891e-01   3.1008994e-02   7.3428554e-02  -5.7647980e-01   3.7253355e-02
   4.3075106e-02   7.6712594e-02  -5.0024783e-02   2.2322588e-01   3.3366520e-01   1.1101745e-01   3.3041979e-01   5.6336488e-02
   2.7631376e-02  -1.6228720e-03   5.8152840e-02   1.1631592e-01  -8.7821693e-02   2.0028467e-02  -1.6910885e-01   3.1155189e-02
   5.2833841e-02   5.0644326e-02   1.0923652e-01  -1.5923051e-01  -3.0850527e-01  -5.9150197e-02  -4.0786413e-01   4.7430631e-02
  -1.5089302e-03  -2.2169613e-02  -1.2243355e-02  -1.1868886e-01  -3.0383990e-01   1.7397596e-02  -3.7595974e-01  -8.3905641e-02
   6.2386890e-02   4.6944339e-02   1.1530963e-01   3.8985406e-02  -3.4092851e-01  -1.3246020e-01  -1.8608958e-01  -8.7357886e-02
   1.2117371e-01  -2.2137536e-02   2.2425250e-01  -1.3194520e-01  -2.5386366e-01  -1.3010455e-01  -3.5462921e-01  -2.1298463e-02
   4.4964949e-02   2.2435455e-02   1.1347926e-01   3.8250198e-02  -2.5281883e-01  -1.5079951e-01  -6.4465990e-02   4.0649208e-02
   3.1773987e-02   3.2597950e-02   4.5038028e-02   5.8582318e-02   1.8888494e-01  -9.9242150e-02  -2.0727771e-02   1.3663213e-02
   6.7740672e-02   7.8038246e-02  -8.8724105e-02   4.9493295e-01  -1.3724442e-02   3.1281114e-02   6.4551972e-01   1.0792520e-01
   4.1547030e-02   5.3242791e-02   3.9362083e-02   2.4419770e-01   5.0375065e-01  -1.5876164e-01   1.9276348e-02  -9.2239325e-05
  -9.5457526e-03   2.8125403e-02  -4.8682731e-02   1.5743558e-01   1.2215165e-01   1.0910387e-03   6.3757535e-02   3.3124836e-02
   5.7303055e-02  -3.2543660e-02  -8.3123377e-02   3.5204222e-01   2.9487251e-01  -2.9065677e-02   3.2951214e-01   7.8156886e-02
   3.6024142e-02  -5.1419370e-03   1.4324571e-01   2.5302253e-01  -1.5976425e-01  -8.1273708e-02   2.3212740e-01   6.5582621e-02
  -3.7614691e-02  -1.4135734e-02   1.6804598e-01  -1.9127497e-01  -4.0986866e-01  -4.8669765e-02  -5.0196348e-01  -4.3044058e-02
   8.2888232e-03  -9.9278566e-02   1.1838038e-02  -1.5359604e-01  -4.1112896e-01  -4.4719142e-03  -4.4066626e-01  -7.8303727e-02
   8.6029016e-02   1.7142837e-02  -2.5062846e-02  -1.0786011e-01   4.0828265e-01   6.1024914e-02   2.5551748e-01   1.1088379e-02
   1.0877167e-03   5.8923615e-02   2.7885515e-02  -1.1507191e-02   1.6383001e-01   1.1387922e-02   2.3703490e-02   3.0116347e-02
   1.8651693e-02   1.3396696e-02  -2.8350873e-02   7.9986090e-02  -6.7177077e-02  -1.2816731e-01   2.8365922e-02  -2.8021379e-02
  -3.6797382e-02   3.0058224e-02  -2.4111347e-01  -1.3356813e-02   4.4989527e-01   2.7232653e-01   2.6168470e-01  -4.1504202e-02
   1.4083212e-02  -1.4059901e-03   8.3124188e-02  -1.1346602e-01   7.6050086e-03   3.9946979e-02  -4.4943175e-01  -4.8509408e-02
  -5.2554716e-02   9.9729076e-02  -6.6573031e-02   1.5035557e-01   4.6050652e-01  -4.8098937e-02   2.8857593e-01   4.6613908e-03
   6.0938522e-02   8.3335497e-02   7.7312567e-02   1.3282524e-01  -3.3109110e-01  -3.8769787e-02  -1.7110314e-01   4.9351229e-02
   4.2586580e-02  -2.4824236e-02   1.3699154e-01  -7.0543825e-02  -3.5813958e-01  -1.0654680e-01  -2.8980182e-01  -4.0903669e-02
   2.7980441e-02   5.6183226e-03   1.8372802e-02  -1.2605434e-01  -3.2560846e-01   5.2566252e-02  -2.2581435e-01  -5.4117860e-02
   4.0646791e-02   1.6909079e-02   3.9608680e-02   9.2836975e-02  -6.6964806e-02  -9.4052953e-02  -1.3765539e-01   6.1148378e-02
  -3.1388542e-02  -2.4031198e-02   8.1567293e-02  -1.3529422e-01  -4.0384163e-01  -9.7584199e-02  -3.5676265e-01   8.3492726e-02
   2.5155103e-03   9.5036509e-02   1.3051979e-01  -1.6621907e-01  -2.8058489e-01  -6.5419059e-02  -7.0207697e-02   7.9099208e-02
  -4.5034150e-02   3.6563637e-02   8.4786953e-02  -8.1254261e-02   1.3672943e-01  -5.9802061e-03   4.7559964e-02  -3.2003124e-02
  -2.5205409e-02   5.0481436e-03  -7.8887955e-02   3.8893794e-01   5.6848795e-02   5.0422081e-02   6.6320723e-01  -1.6792336e-02
   4.4206776e-02   8.4398326e-02   2.4072699e-01   1.2341218e-01   6.3888528e-01  -1.2049503e-01   1.5017328e-03   1.0430599e-01
   3.7442593e-02   5.9326392e-02  -8.0660431e-02   7.3915189e-02   1.5249013e-01   8.2487241e-02  -1.1932010e-01  -2.5452267e-02
  -2.1066372e-03   5.6563974e-02   1.3921268e-02   3.5875487e-01   4.0368237e-01  -1.4886273e-01   1.8444989e-01   3.2294105e-02
  -3.1684323e-02  -5.7003420e-02   4.1503707e-03   7.3464474e-02   7.2953412e-02  -9.9790458e-02   3.3172080e-01   6.3668130e-02
   4.0315384e-02   4.8731075e-02   1.6618538e-01  -4.6175105e-02  -4.7886939e-01   7.4923522e-03  -4.9416757e-01   9.4453551e-03
  -5.6789062e-02  -1.0675738e-01   1.2455537e-02   4.8174493e-02  -4.6237650e-01  -8.1686377e-02  -3.8862185e-01  -9.2274255e-02
   6.8744715e-03   3.9540464e-02  -1.2914511e-01  -3.3217114e-02   5.6790172e-01   2.1506840e-02   2.9754715e-01  -1.9535306e-02
  -1.6795375e-02  -4.8041254e-02   8.8333605e-02   1.2944971e-01   2.2065804e-01   3.1566132e-02   7.3018667e-02   6.3410699e-02
  -5.2847692e-03   3.9940225e-02  -9.4484013e-02   7.9770180e-03   1.7418904e-02  -5.8051730e-02  -3.8960803e-02   3.6619168e-02
   3.7019960e-02   6.2564646e-02  -1.5830217e-01   4.5747326e-02   5.5330425e-01   1.6469703e-01   3.9147600e-01   1.0773109e-02
  -2.5203506e-02   1.8548091e-02   6.1667262e-02  -1.9251576e-01  -2.3723290e-01  -5.8291952e-02  -5.9254861e-01  -2.6152311e-02
   7.7554854e-03   5.4616066e-02  -1.3898828e-02   1.9972359e-02   5.4326446e-01  -1.1765978e-01   4.9975760e-01   5.7121395e-02
   1.3159919e-03  -1.0256435e-02   1.1069874e-01   4.6288915e-02  -1.8850277e-01  -5.0550678e-02  -1.4445774e-01   8.9539342e-02
   3.3944844e-02   7.4833691e-03   2.4403620e-02   1.2242283e-02  -3.9922759e-01  -2.7200583e-02  -1.4819280e-01   2.9532919e-02
  -8.6753783e-02  -6.8218617e-02  -4.8055869e-02  -6.0080047e-02  -2.5083618e-01  -5.6258191e-03  -1.7111525e-01   2.6543855e-02
  -1.1558833e-03  -6.4243501e-02   9.0947607e-02   6.2858894e-02  -3.5380859e-01  -1.3264553e-01  -1.4944016e-01   3.6309257e-02
  -4.3103922e-02  -5.1492666e-02   6.2910406e-02  -3.1741286e-01  -5.0063113e-01   6.0604818e-02  -7.4762128e-01   1.1524532e-02
  -4.0469523e-02   2.7120949e-02   8.3586789e-02   1.1459366e-01  -2.7168972e-01  -9.8573992e-02  -1.8980226e-01  -1.1939307e-02
  -3.3504224e-02   2.3186654e-02   1.1241492e-01   7.4344900e-02   1.6612589e-01  -7.4770378e-02   2.3250864e-02  -2.9429492e-02
   3.5433931e-02   2.0449153e-02  -9.5499854e-02   3.6904428e-01   5.0102448e-02   3.1500475e-02   5.1680998e-01   2.1338875e-02
   6.8957304e-02   6.3245377e-02   1.0352789e-01   1.9344898e-01   8.5342059e-01  -8.3269905e-02   1.0113906e-01   5.6067430e-02
   6.2556917e-03   3.0449400e-02  -1.3077243e-01  -1.7880291e-01  -1.1511115e-02   1.3569854e-01  -1.0373670e-01   4.9731886e-02
   7.7134738e-02   2.2311364e-02  -7.0225519e-02   1.1706779e-01   2.9545242e-01  -1.6661222e-02   2.0506261e-01   5.5234272e-02
   3.6150047e-02   3.9573933e-02   9.8688156e-02   1.8028823e-01  -2.0131182e-01  -1.6113375e-01   5.2526201e-01   2.2931645e-02
  -3.0440451e-02   9.2487232e-02   1.4644258e-01   2.9812754e-01  -4.3058635e-01  -2.3438328e-01  -3.1859066e-01  -4.5076019e-02
  -2.2698957e-02  -1.2788956e-01   2.0190021e-02   1.1656611e-01  -5.5575919e-01  -1.9785397e-01  -3.7886127e-01  -7.0320687e-02
  -8.4491625e-03   2.1527580e-02   4.4211943e-02  -5.7448504e-02   9.5962633e-01   2.1179220e-01   3.2873707e-01   1.0879736e-01
   6.2116968e-02   4.5206322e-02  -1.1174096e-01   7.4598197e-02   2.6891661e-02  -5.6992196e-02   1.1309593e-01  -1.3927750e-02
   2.4509123e-02   4.4357884e-02   6.6401344e-02  -8.5492372e-02   8.2539438e-02  -8.5140183e-02  -2.0194271e-02  -5.1835133e-02
   6.2830301e-02  -1.9108246e-02   4.5647340e-02  -2.7414676e-01   6.8434067e-01  -1.0661321e-02   4.5405123e-01  -6.9480217e-04
  -4.3930336e-02   1.7614030e-02  -7.3897854e-02  -6.6562609e-02  -5.8650487e-01   4.1625484e-03  -7.0288651e-01  -1.8050128e-02
  -1.9315502e-03   6.9988744e-03   6.3505610e-03  -4.1428475e-01   6.8751808e-01   8.2051681e-02   6.6445011e-01  -1.5282718e-02
   5.2648806e-02   6.7100331e-02   1.4969267e-01   7.0073390e-02  -2.7503165e-01  -1.6130573e-01   1.0237937e-01  -5.3627261e-02
  -1.9920455e-02   3.2912774e-02  -3.2214283e-02   1.0988961e-01  -5.4443355e-01  -9.8071843e-02  -4.6291024e-01  -4.5394971e-02
   7.8714268e-02   3.1404169e-02   1.8051725e-02   1.4820755e-01  -1.8934400e-01   4.2615887e-02  -2.3775492e-01  -3.1951886e-02
  -2.3865832e-02  -1.1866073e-02  -8.0888832e-02  -3.3141615e-02  -2.4000881e-01  -2.6667170e-02  -3.0957083e-01  -9.2211287e-02
  -9.7617444e-02   3.6198570e-02   3.6383548e-02  -1.3641860e-01  -4.3871168e-01   9.0053530e-02  -8.5624551e-01   5.2029082e-02
   9.3472030e-02   9.4501593e-03  -7.5087225e-02   8.1540801e-02  -3.2228407e-01   7.0614140e-02  -1.5884325e-01  -5.8990075e-02
   4.1998052e-02  -4.0197511e-02   6.4462792e-02  -4.0081447e-03  -4.2153933e-02  -1.0548357e-01  -1.1289017e-02  -6.1180718e-03
  -4.6534142e-03   1.5834388e-02   6.9466571e-02   2.3939797e-01   1.1054808e-01  -5.9808518e-02   5.4767439e-01  -2.6614132e-03
   1.1635913e-01   5.6401963e-02   2.8737255e-01   2.2138246e-01   1.1183764e+00  -2.2607179e-01  -4.7773366e-02   1.2960357e-01
   4.6847353e-02  -5.3963861e-02  -1.1690312e-01  -9.5703080e-03   1.4110815e-02   1.4731426e-01  -2.2798005e-01   4.3901534e-02
  -1.6630143e-02  -1.5536379e-02   6.3169991e-02  -5.2298355e-02   3.1647239e-01   2.6130363e-02   2.0254144e-01   5.2884771e-03
   7.5915607e-02   2.0229689e-02   8.9524551e-02   2.1873990e-01  -3.2663795e-01  -1.7916392e-01   5.5735165e-01   3.6953922e-02
  -1.6429737e-02   1.8381569e-02   2.7083467e-02  -7.8642251e-02  -5.1620386e-01   4.5836747e-02  -3.9259324e-01  -7.9849089e-03
  -8.0290723e-02  -1.8357594e-02  -4.2619947e-02  -1.2486474e-01  -5.2630777e-01   1.1419865e-02  -2.1435030e-01   2.8629542e-02
   3.7950799e-02   4.8442361e-02  -1.3897126e-01   1.7388974e-01   1.1233576e+00   5.5844696e-02   1.6130638e-01   2.0620184e-02
   7.0441897e-02   5.6692881e-02  -7.5604867e-02   1.6075977e-01   7.5693209e-02  -3.9841780e-02   5.4565773e-02   2.7974455e-02
   3.4938716e-02   1.6210076e-02   3.7601203e-03  -1.4188145e-02   1.0912124e-02   5.4450844e-02   8.3274458e-03   6.4086440e-02
  -1.5702335e-02  -7.6774642e-05   6.2574222e-02  -3.1783486e-02   5.9351007e-01  -5.2100149e-02   3.4935181e-01  -2.4625204e-02
  -6.7715198e-02  -1.5636589e-02  -1.6639374e-01  -1.5071952e-01  -2.7938315e-01   1.4588691e-01  -7.6005763e-01  -4.9220666e-02
   2.0647715e-02   6.4409469e-02   3.4108431e-02  -1.8140134e-01   7.1484420e-01  -7.3960349e-02   3.2568136e-01   2.7998694e-03
   6.9722600e-02   7.7086617e-02   2.2893617e-01   1.2486570e-01  -2.6601139e-01  -1.6743172e-01   2.6059353e-01   1.5965313e-01
   1.0162550e-01  -3.2998156e-02  -9.2177033e-04   7.4105615e-02  -4.2854494e-01  -6.3016192e-02  -2.6194449e-01   1.2968363e-01
  -2.2322234e-02  -2.8419399e-02   9.1050839e-02   3.9047945e-02  -1.9049598e-01  -1.4443873e-01  -2.4260562e-01  -2.2317204e-02
   6.5306751e-02  -3.0236265e-02  -7.7749364e-02  -1.5034462e-01  -2.1928077e-01   1.4027781e-01  -2.5434814e-01   1.5384511e-02
   5.5752799e-02   2.1397219e-02  -1.4400531e-02  -4.6670907e-02  -4.6511793e-01  -3.9468965e-02  -6.6940718e-01   3.7411684e-03
  -4.5806420e-02   4.3260969e-03   1.6452424e-02  -6.9055390e-02  -3.0594877e-01   1.7338426e-02  -1.2510839e-01   2.7537017e-02
  -4.4010819e-02   5.9078809e-02  -6.5448240e-02   2.7619964e-02  -5.4810254e-02   2.5101342e-02   1.6577228e-02   4.9604612e-03
  -1.0796544e-02  -8.5436773e-03   8.2114835e-02   1.6457887e-01   1.4190238e-01  -1.9935035e-02   2.7840978e-01  -6.2300939e-02
   2.4293254e-02  -2.1919425e-02   1.8732860e-01   2.0513303e-01   7.2456951e-01  -1.3203656e-01  -1.5173161e-01  -2.8003346e-02
   2.2975554e-02   7.5282143e-02   5.8671029e-02   8.6517401e-02   1.7752603e-01   4.8258249e-03  -2.1171248e-01  -2.1564043e-02
   4.6378372e-02   1.3699988e-02   3.2903772e-02  -1.8384583e-01   2.9986041e-01  -7.2371057e-02   1.1084282e-01   3.2114004e-02
   1.3116124e-02   5.6087763e-02   1.2575314e-01   2.0009769e-01  -7.2426572e-02  -7.8392672e-02   5.3972905e-01   1.0297429e-01
  -2.7840808e-02  -3.2061978e-02  -4.6418812e-02   1.2423020e-01  -4.0603500e-01   7.5090595e-02  -2.8419122e-01   3.1205583e-02
  -3.3465074e-02   1.1560767e-02  -1.2275469e-01   8.6439622e-02  -5.0588256e-01   1.5875338e-01  -7.2007888e-02  -9.7226928e-02
   2.4567792e-02  -7.7537376e-02   6.1542678e-02  -3.3220716e-02   1.0084961e+00  -1.7718936e-01   2.2380925e-01   5.3989922e-03
   7.6201518e-02   8.5571820e-02  -1.9009229e-01   1.8599315e-01  -4.3674844e-02   3.2932129e-02   1.8812952e-01  -2.3782662e-02
   3.1543371e-02   3.5074411e-03   6.1670504e-02  -1.8486379e-01  -2.7696417e-02   3.1361220e-02   8.6177802e-02   5.4860899e-02
   5.0921016e-02  -6.1014881e-02   1.4269918e-01  -9.5195604e-02   5.5817666e-01  -1.6728433e-01   4.8610452e-01  -7.3583342e-03
  -1.3948264e-01  -9.5810519e-02  -1.0129413e-01  -6.9959667e-02  -1.5643283e-01   1.8037629e-01  -6.8207927e-01  -1.0231184e-01
   4.2937889e-02   2.0910553e-02   1.9184909e-02  -1.3720175e-01   4.9853873e-01  -4.9813138e-02   1.6950993e-01   3.5029188e-02
   9.6142263e-02   5.4235978e-02   2.3475182e-01   2.3516847e-01  -1.9259085e-01  -2.5100950e-01   3.2627970e-01   5.9303498e-02
   4.6502069e-02  -2.5747461e-02   7.6950391e-02   6.4052176e-02  -4.3628377e-01   4.8567126e-02  -5.0031112e-01   6.0729373e-02
   4.5186213e-02  -2.4332073e-02   5.3862578e-02   1.7644578e-01  -1.6319429e-01  -4.5806986e-02  -2.7743528e-01   3.0783379e-03
  -2.8337869e-02   2.9189511e-02  -3.6632631e-02  -1.5607915e-01  -2.0672154e-01   1.3744959e-01  -1.2769914e-01  -6.3264512e-02
  -3.8289172e-02  -2.8433655e-02   5.6420423e-02  -8.4357253e-02  -6.2370675e-01  -2.3250601e-02  -6.6986214e-01  -2.3613790e-02
   1.0179059e-02   1.7987598e-02  -5.2305398e-03   1.1232839e-01  -4.1925303e-01  -4.5604471e-02  -6.2822809e-02  -3.6467204e-02
  -9.0645755e-02   5.6724427e-02  -3.6783615e-03   7.1432264e-02  -2.1593647e-01   1.6562797e-02  -2.7312404e-02   5.3061773e-02
   3.3710038e-02   3.7329310e-02   4.9712237e-02  -3.1475563e-02   1.7836654e-01  -3.7532685e-02   3.9452067e-01   5.8562113e-02
   8.1349287e-02   5.6077190e-02   1.6666304e-01   2.1986676e-01   4.6414163e-01  -1.9537462e-01  -1.4409403e-01   3.0151026e-02
   3.1110035e-02  -4.0282263e-02   9.9636387e-02   9.3527760e-02   1.8110477e-01  -1.3837677e-01  -1.1161549e-01   5.1078681e-02
  -2.9162507e-02  -6.8645409e-02  -1.9031044e-03  -9.0492050e-02   2.8718080e-01  -2.2190614e-02   2.0366069e-01  -4.2559807e-02
  -1.1288126e-02   3.8309421e-02   5.0727401e-02   1.8455841e-01   5.7560385e-03  -1.3243698e-01   3.3972326e-01  -3.0221193e-02
  -2.1630554e-02  -4.5828237e-02  -3.6217662e-02   1.7754144e-02  -6.1540676e-01   8.7409541e-02  -3.2814837e-01  -2.9770326e-02
   2.3577876e-03   1.4926162e-02  -1.3303089e-01   1.4952216e-01  -3.2390977e-01   1.4427369e-01  -2.6295084e-01   3.7090465e-02
   1.9968155e-02  -4.9782000e-02   1.4269299e-01  -1.2126852e-01   7.7492245e-01   4.3297144e-03   3.8791172e-01   1.0752924e-01
  -2.2323493e-02   2.0930658e-02  -1.2235016e-01   1.5219994e-01   1.7159385e-01  -9.4865302e-02   2.3512139e-01   3.0554996e-02
   1.3298048e-02   3.4323220e-02  -1.5862513e-02  -1.3286960e-01   1.3766667e-02   3.3808375e-02   1.2541310e-02  -1.1301595e-02
   1.4826509e-02   2.7917746e-02   1.2707475e-01  -2.6621614e-01   4.6697558e-01  -1.1484659e-01   3.3673703e-01  -2.8420629e-02
  -9.8703023e-02  -7.5120971e-02  -1.0879600e-01  -1.1284467e-01  -3.7563241e-01   2.9440429e-01  -8.0931531e-01  -3.6909784e-02
   1.0853042e-01   1.3997111e-02   3.6431528e-02  -1.9021724e-01   6.4956891e-01  -1.1897503e-01   3.4368543e-01   1.0437605e-02
   7.4753101e-02   5.8447344e-02   1.2932663e-01   1.6834526e-01  -2.2586211e-01  -1.5008238e-01   3.3547050e-01   9.4865680e-02
   5.3580603e-02  -6.7175623e-02   7.1828061e-02   1.3559787e-02  -4.1019596e-01  -6.3098557e-02  -4.9534456e-01  -3.9492131e-02
  -7.7729327e-03  -1.0815818e-02   2.9420079e-03   2.3512865e-01  -2.1039417e-01   1.4121568e-01  -2.6937444e-01   4.6883688e-02
  -4.7316470e-02  -4.6409140e-02  -2.4095484e-02   1.0512739e-01  -3.5435751e-01  -5.9064301e-04  -1.7372392e-01  -8.3197623e-02
   3.1939388e-03   3.1547463e-02  -8.3354637e-02   7.0447651e-02  -5.3121694e-01   1.9084972e-01  -8.2525217e-01  -2.3064331e-02
   4.1319100e-02   9.1432217e-02   6.3734864e-02   2.8474522e-01  -2.3483616e-01  -1.0620486e-01  -2.6780316e-01   1.0772631e-01
   1.0771241e-03   4.9870069e-02   1.1464217e-01   8.4032994e-02  -5.0087209e-02   1.4258352e-02  -1.5849107e-01   1.3527010e-02
   3.0717791e-02  -1.6521931e-02   1.4697598e-01  -1.0683493e-01  -4.7540259e-02  -1.8832893e-01   3.8827401e-01  -1.3526064e-03
  -4.8143996e-02   3.2825542e-02   8.1706373e-02  -7.5514116e-02   3.9611537e-01  -1.0810303e-01  -1.5107067e-02   1.8300349e-02
   7.7525841e-02   1.4573419e-02   6.8880910e-02   5.7896757e-04   2.3418156e-01  -1.0453981e-01   1.0305358e-01  -1.3084928e-02
  -1.7504078e-02  -3.6060139e-02   4.4624569e-02  -3.5712644e-01   2.3121030e-01  -3.0161292e-02   2.7321339e-01   2.2128921e-02
  -4.8362296e-03   2.6407191e-02  -3.0506727e-02   2.0362531e-01   1.6922639e-01  -5.7094861e-02   3.5544428e-01   9.5908525e-03
   7.5702053e-02   3.1862706e-02  -1.2181061e-01   4.5627833e-01  -7.7734396e-01  -4.8345590e-02  -2.0911659e-01   9.0583754e-03
  -5.4277346e-02  -5.6673066e-02  -2.1223336e-01  -2.6356307e-02  -3.4556500e-01   8.8629846e-02  -3.3363878e-01   5.8131900e-02
   4.3590329e-03  -1.1134109e-02   2.0923928e-01  -2.0417516e-01   6.0201946e-01  -5.1965626e-02   3.2268764e-01  -6.2603112e-02
   9.7450608e-03  -3.5347952e-03  -1.8909028e-02   1.0093133e-01   2.0657941e-01   9.4247856e-02   2.3972532e-01   4.6461978e-02
   5.7506794e-02   2.7331105e-02   3.6169748e-02  -1.2315048e-01   1.2520493e-01   1.1617497e-01  -6.4684875e-02   6.8603341e-02
   1.8099539e-02  -5.6475312e-02   6.8307032e-02  -1.3951241e-01   3.5051835e-01  -9.8693311e-02   2.8214525e-01  -1.0994213e-02
  -8.5548539e-02  -5.5743572e-02  -3.2178902e-01  -7.3660580e-02  -3.0677392e-01   5.4242974e-02  -6.7389578e-01  -6.9236071e-02
  -2.8667397e-02  -1.7021674e-02   1.7500882e-01  -9.5513128e-02   7.0515413e-01  -9.6337999e-02   2.7192919e-01   7.8530893e-02
   1.2800202e-01   7.7022486e-02   1.2590030e-01   2.3888594e-01  -5.7568646e-02  -1.0887573e-01   1.8637718e-01   2.0212899e-03
   5.5386004e-02   5.8599003e-02   4.0705690e-03   1.5381026e-02  -9.8391485e-02   6.5241124e-02  -4.4850970e-01   2.3301416e-03
   5.4878783e-02   5.5787698e-02  -2.5665456e-01   3.4482474e-01  -3.0544108e-01   3.0345896e-02  -3.2961059e-01  -2.2197027e-02
  -2.8895653e-02   5.0230220e-02   5.7856534e-02   1.3489134e-01  -4.9882252e-01  -6.9170166e-02  -7.1611096e-02   9.0763309e-02
  -6.1349805e-03   2.2268468e-02  -3.2884824e-02   1.3076424e-01  -3.1940404e-01   1.1833626e-01  -4.9702824e-01   1.7173614e-02
   3.9555291e-02   3.4954065e-02  -1.8844575e-02   2.6109584e-01  -1.9752892e-01   3.1744501e-02  -2.7857389e-01   6.2169932e-02
   7.4558868e-02  -2.3480198e-02   2.5961552e-01  -2.1942356e-02  -7.6825248e-02  -9.3913195e-02  -3.3133159e-02   2.7111949e-02
   4.0308459e-03  -6.4250933e-03   1.1309316e-01   2.9446950e-02   4.4598615e-02  -8.3862621e-02   3.3674740e-01   6.5972501e-02
  -4.2859477e-02   7.1782376e-03   1.2057163e-01  -1.6159591e-01   3.3666212e-01   6.9596949e-02   3.1826288e-02   5.2521763e-02
  -6.2667365e-03   2.7602252e-02   1.1164345e-01  -2.0587622e-02   3.6449025e-02  -2.5371929e-02   1.0426272e-01   1.5300422e-02
   6.0364557e-02  -3.5810091e-02   9.2476178e-02  -2.5214032e-01   1.2189347e-01  -2.2245164e-01   1.2403723e-01  -1.3275691e-03
   1.3654377e-01  -2.1630777e-03   1.0614222e-01   2.6615198e-01  -5.9648824e-02  -6.8727053e-02   4.1948870e-01   7.0216173e-03
   5.4859800e-03   3.2430631e-02  -7.3677298e-02   2.2597309e-01  -5.4136646e-01  -1.7531984e-01  -2.1569056e-01   2.2593852e-02
  -6.4112815e-02  -7.6912113e-02  -8.1148204e-02  -1.1611058e-01  -1.4036492e-01   8.0063559e-02  -2.6915595e-01  -3.9227613e-02
   3.4073654e-02  -4.1231009e-02   1.4405612e-01  -1.9775731e-01   4.7514008e-01  -6.3291982e-02   2.6842119e-01  -9.4529290e-03
   1.5179805e-02   2.9963216e-02   1.3273336e-01   1.2077487e-01   2.2441955e-01  -1.5262314e-01   4.6728585e-02   1.8274243e-01
   6.3446995e-02   5.2034128e-02   3.6175370e-02  -1.1217896e-01   2.5962135e-01   3.2784162e-02  -3.2802323e-02  -2.1196783e-02
   6.7255933e-02  -4.8361017e-02   8.1322606e-02  -4.8611217e-02   1.6699368e-01  -1.0174031e-02   1.8975264e-01  -2.8562898e-02
  -7.3143626e-02   9.2549527e-03  -1.0902937e-01  -8.1470854e-02  -7.7895468e-02   1.1786608e-01  -5.3054865e-01   1.8751336e-02
   4.6972801e-02  -4.4563201e-03   1.2075353e-01  -4.4628119e-02   5.6960805e-01  -7.9810754e-03   2.4224099e-01   2.2015626e-03
   1.1090470e-01   1.8478974e-02   8.7999902e-02   1.0374912e-01  -2.4179339e-01  -8.5253611e-02   1.5994754e-01   2.2866115e-02
  -1.7483084e-02  -3.7951629e-02  -1.4511175e-01  -7.9315291e-02  -1.4800679e-01   9.8202297e-02  -5.3514466e-01  -1.2563003e-01
   6.2313797e-03   4.7177234e-02  -2.2602691e-01   2.9986014e-01  -4.4738680e-01   1.9785442e-01  -3.9225723e-01   2.3337026e-02
  -2.8545249e-02   6.6296651e-02  -1.3646623e-02   1.7949835e-01  -3.2518113e-01  -3.8041616e-02   7.1326703e-02  -1.5068506e-02
   1.0702330e-02  -7.9168181e-02   6.5237558e-03   1.6308847e-01  -3.2845929e-01  -1.2971656e-01  -5.8047244e-01   2.8747184e-02
   5.4641720e-02   1.1466536e-02   5.2525858e-02   2.2266593e-02  -9.1002581e-02  -6.5041146e-02  -6.2494501e-02   4.4934707e-02
   3.5717991e-02   6.5699601e-02   1.3896569e-01   1.4767850e-01  -1.4623358e-01  -1.0791293e-01  -7.6902761e-04   7.5814783e-02
  -2.1636919e-02  -5.9833759e-02   1.3260632e-01  -2.0353494e-01   1.0900077e-01  -1.0447807e-01   2.4113175e-01  -8.2396560e-04
   2.2536779e-03  -4.4851334e-04   5.8805766e-02  -1.5479635e-01   2.3118768e-01   5.1817479e-02   3.7945806e-02  -2.8164544e-02
  -3.7658413e-02  -1.3344137e-03   3.1339519e-02   6.7395814e-02   5.5070539e-02   2.1620536e-02   1.3220801e-01   2.8324645e-02
   5.8585023e-03   3.7502123e-02   1.8556838e-01  -2.7594935e-01   3.9000988e-01  -4.7322979e-02   1.5307468e-01   5.6940351e-02
   2.9974292e-02  -2.5023709e-02   7.6464553e-02  -1.1488315e-02   3.1581160e-02  -5.2070425e-02   1.0582832e-01  -3.7698270e-02
   4.8276191e-02   3.2492624e-03  -1.3562007e-01   6.9182101e-02  -6.3832924e-01   8.8295117e-02  -1.7572599e-01  -8.1494017e-02
  -3.0620487e-02  -4.5850500e-02  -1.5092992e-01  -9.0559064e-02  -3.0717484e-01   3.5715531e-02  -3.1614746e-01  -8.3387727e-02
  -5.7296916e-03  -6.1884113e-02   1.7811630e-01  -1.6454795e-01   4.1744552e-01  -6.0097664e-02   3.2634816e-01  -6.9916110e-03
   1.0775351e-01  -1.8853074e-02   1.1307308e-01   5.8058267e-02   2.9135248e-01  -2.2567596e-01   1.4545985e-01   7.7042382e-02
   6.3108283e-02  -2.2554601e-02   1.1383774e-01  -3.8896982e-02  -3.7411734e-02  -1.2376620e-01  -1.1111675e-01  -1.0877617e-01
   3.2067656e-02  -1.5455840e-02   1.0224115e-01  -2.4250345e-01   1.8634320e-01  -1.1854679e-01   2.2865360e-01  -2.4973593e-03
  -1.0674198e-03  -3.1751890e-02  -1.5789275e-01   2.5202764e-02  -1.4670912e-02   1.0233940e-01  -4.4615403e-01  -3.5035765e-02
  -1.2552892e-02  -7.2993384e-02   7.0312675e-02  -1.0058781e-01   4.4127278e-01  -5.9601381e-02   1.7258883e-01  -2.7168988e-02
   4.9224858e-02   5.2340780e-02   5.4341976e-02   7.6350351e-02  -2.4560238e-01  -5.5624493e-02   5.7332540e-02  -1.5207274e-02
  -1.2338329e-02   5.7177824e-02  -2.2512088e-01  -6.1572593e-02  -2.1113886e-02   2.4253127e-01  -5.6486126e-01  -4.2251200e-02
   5.3390780e-02   4.5139486e-02  -2.6625268e-01   3.7207505e-01  -9.2974825e-02   8.7000819e-02  -2.8418521e-01   9.0517142e-02
   3.3129439e-03   1.5140158e-03   8.4442744e-02   3.4861575e-01  -6.0826107e-01  -1.0531441e-01   4.1498871e-03   6.0409917e-02
   8.4609623e-02   3.0712455e-02  -7.7878621e-02   1.7564830e-01  -3.4798452e-01   3.0946108e-02  -4.9863975e-01  -1.9216331e-02
   5.1620306e-02   1.5161485e-02   5.9767817e-02   1.8380929e-01   7.1349572e-02  -2.6168900e-02  -2.3649789e-01   1.4877291e-02
  -1.5787540e-02   4.3334021e-02   6.2933659e-02   1.3715624e-01   9.6460445e-03  -1.3395859e-01   9.5946146e-02   1.7952874e-02
   3.3738659e-02  -6.4249320e-02   8.5327739e-02  -2.6030458e-01   2.5754731e-01   3.1299171e-02   3.6296575e-01   2.7945568e-02
   5.2486988e-02   6.6993625e-02   6.3907953e-02  -2.1963182e-01   2.9290819e-01  -7.4986196e-02   2.3102747e-02  -1.6002719e-02
   3.8178250e-02   2.6501928e-02   8.9643052e-02   1.5796235e-01   5.8378010e-02  -1.0806392e-01   1.9288793e-01   2.2626510e-02
   8.1781172e-02   3.3778979e-02   1.9672981e-01  -3.4828190e-01   2.1758393e-01  -4.3909490e-02   1.0506983e-01  -1.7263372e-02
   6.8096235e-02   7.2499192e-02   3.2641279e-02   8.5238027e-02  -1.4391944e-01  -2.6090668e-02   3.4593658e-02  -3.3679428e-02
  -5.3435930e-02  -9.4132072e-02  -1.4603444e-01   1.3303457e-01  -5.9182719e-01   1.6966603e-01  -3.0161928e-01   3.7647505e-02
  -1.1369885e-01  -3.9678771e-02  -7.1555834e-02   7.5695627e-02  -2.4561952e-01   1.2597265e-01  -1.2947618e-01  -1.5438928e-02
   1.2246476e-01   3.0675968e-02   2.5121283e-01  -1.7430597e-01   2.5568175e-01  -2.0817561e-01   2.1663759e-01   6.5466902e-02
   1.5602483e-02   7.6649036e-03   5.3550177e-02  -4.0400413e-02   2.0590098e-01  -1.4099022e-01   2.4059499e-01   9.4084056e-03
  -2.5891683e-03  -2.6694678e-02   5.3820762e-02  -1.0357636e-01  -6.9325716e-02  -1.1074823e-01  -7.5668773e-02  -1.9112865e-02
  -2.7394727e-03   2.0892926e-02   2.7926080e-01  -2.2139332e-01   1.3074590e-01  -1.7194009e-01   1.4476811e-01   6.0806172e-02
  -4.9687292e-02  -3.8194469e-02  -1.3131098e-03   1.9875316e-01  -2.0662144e-01  -9.1341877e-02  -5.1980302e-02   2.1278368e-02
   6.9455943e-02   2.9966702e-02   2.2578390e-01  -4.6885963e-02   5.9238693e-01  -2.8540253e-01   9.4599339e-02   6.6326772e-02
  -8.8347108e-03   1.8033308e-02   1.7156087e-01   1.5156585e-01  -4.4442972e-01  -1.1046901e-01   1.0756981e-01   3.5432423e-03
  -5.3307289e-02   3.1328641e-02  -1.4872316e-01   1.2289848e-01  -2.3846838e-01   2.5561865e-01  -4.8440628e-01  -4.9787535e-03
  -9.8231343e-03  -1.8344950e-03  -3.3524972e-01   2.8685580e-01  -2.9809285e-01   2.5921980e-01  -3.1369156e-01   1.9721489e-02
   5.7184912e-02  -2.6671642e-02  -3.8864777e-02   1.9032175e-01  -2.2215845e-01  -6.4995200e-02  -7.6415768e-02   2.5999401e-02
   9.8987602e-03  -3.4633667e-02  -1.4276638e-01   1.7669952e-01  -1.4865807e-01   9.8919497e-03  -4.0192799e-01  -7.3714222e-03
  -1.9291607e-02   3.8134638e-02   5.8603123e-02   4.9773458e-02   1.4329223e-01   3.3866089e-03  -9.4855396e-02  -7.0799840e-03
   1.0861284e-01   2.7037347e-03   1.1847749e-01   5.3884815e-02   2.9505838e-01  -1.1548728e-01   3.6623896e-03   6.8125809e-02
   1.6142695e-02   7.9160563e-02   1.6085738e-01  -1.4638435e-01   8.9067567e-02   5.1560341e-02   4.1141008e-01  -1.2729581e-02
   5.5125595e-02   2.5865075e-03   1.2824058e-01  -1.4864548e-01   4.0572185e-01   1.2688285e-02   2.5797647e-02  -4.3562381e-02
  -3.4918244e-02   1.7856416e-02  -6.9920327e-02   2.7216321e-01   1.6197974e-01  -4.4226599e-02   1.0967324e-01  -2.2361760e-02
   2.8118186e-03   1.9641956e-02   1.6930616e-01  -2.5986059e-01   8.2214994e-02  -4.1302550e-02   7.3849565e-02   5.1672968e-02
  -3.3513885e-02   7.7654959e-03   6.0177174e-02  -9.4736368e-02   7.1069354e-03   9.3441046e-02  -7.0414257e-02   2.0778257e-02
  -4.0190482e-02   2.8503694e-02  -1.7415490e-01   3.1917186e-02  -4.0805357e-01   1.3950009e-01  -3.1940992e-01  -4.7956576e-02
  -4.3004659e-02  -9.2474412e-02  -1.0457992e-01   1.3684346e-01  -2.8944656e-01   4.9017658e-02   3.7499810e-02   2.7675840e-03
   3.4189704e-02   1.0407389e-01   3.2151769e-01   1.4879417e-01   2.9299225e-01  -1.2931747e-01   4.5747526e-02   1.6551076e-02
  -9.9519295e-02  -2.1513191e-02   8.4941006e-02  -3.1158123e-02   7.2861742e-02   1.5263399e-03   2.8319660e-02  -3.3344784e-02
  -2.5009611e-02   3.1314401e-03   9.6310602e-02   1.2042159e-01   4.6947662e-02  -1.2165605e-01   1.8216094e-02  -8.2474671e-03
   4.9264292e-02   4.8460860e-02   3.1030761e-01  -2.3496810e-01   2.4404833e-01  -1.0705115e-01   6.0321405e-02   4.8985856e-02
   5.6825833e-03   3.5364821e-02   2.1541717e-02   2.0294596e-01  -6.7114131e-02   2.2733287e-02  -3.9205717e-02   2.6882643e-02
   6.1355145e-02  -2.3107513e-02   3.0108744e-01  -8.5670891e-02   5.0348154e-01  -2.1550778e-01  -2.0394160e-02   3.5846779e-02
   2.2160703e-02  -4.7116117e-02   1.3393511e-01   5.6218863e-02  -3.2697428e-01  -7.7041725e-02   8.4050635e-02   1.0268204e-01
  -1.3842627e-02   9.8201662e-03  -2.2504698e-01   7.7965567e-02  -2.8470516e-01   5.3204589e-02  -4.8553886e-01  -5.7630638e-02
  -4.7858427e-02  -4.7807633e-02  -3.0994046e-01   1.5123563e-01  -2.2893953e-01   1.1566892e-01  -1.0636040e-01  -2.7561670e-02
  -1.2758260e-02  -6.0563627e-02  -3.1791250e-02   9.8691123e-02  -2.5328514e-01  -5.8056905e-02  -1.4394006e-01  -2.1273274e-02
   4.7766267e-02   2.1103397e-02  -1.3912775e-01   1.7855984e-01   4.2899317e-03  -1.9839356e-02   8.0716727e-02  -1.9387512e-02
  -7.8095555e-03  -6.6594295e-03   4.7167892e-02  -1.0287298e-01   4.2607165e-02   2.1791227e-02  -6.6520407e-02   7.3922676e-02
   5.1503576e-02  -2.4540402e-02   1.4570871e-01   1.6510900e-01   1.8541358e-01  -4.5666265e-02  -1.1442527e-01   9.4198008e-02
  -6.3035663e-03  -3.6843921e-02   9.6900791e-02  -1.8161583e-01  -8.0204382e-02  -5.1616393e-02   1.8236813e-01  -1.3698710e-02
  -2.3750869e-02   6.1565733e-03  -9.5004006e-02   5.7448816e-02   2.3174676e-01   7.9496055e-03   3.9444953e-03  -7.7161462e-02
   1.8765016e-02  -8.9595751e-02  -6.5066656e-02   2.8996533e-02  -1.0525078e-02   1.6836179e-01   3.4524956e-02   3.5284066e-02
  -1.7286948e-02   6.0679468e-02   1.1039418e-01  -1.3592216e-01   8.9832654e-02   2.3849478e-02   1.0580994e-01  -2.9048547e-02
  -9.6732115e-03   1.7970268e-02   7.8006088e-03  -7.4218003e-02   1.5172626e-01  -1.4430660e-03  -2.5786440e-01   3.0073761e-02
  -4.0424344e-02  -3.5879945e-02  -2.1223623e-01   1.1880234e-01  -5.0918199e-01   2.4046765e-01  -3.2825120e-01   3.9298697e-02
   1.3924076e-02   6.9459671e-03   3.2997035e-02   1.0028176e-01  -2.3494747e-01   5.9578642e-02  -4.2167327e-02   1.5028095e-02
   1.6576421e-02   1.2882832e-03   2.1422789e-01  -5.1379128e-02   3.6294089e-01  -2.5852242e-01   6.4184312e-02  -4.1804582e-02
  -5.1704900e-02  -3.4540054e-02   1.7129839e-01  -1.5969972e-01   5.7041685e-02  -5.7772899e-03  -2.3863376e-03   1.4079681e-02
   8.5944872e-03   2.2506871e-02   1.9010048e-02   9.2663452e-02  -9.0139134e-02  -2.3439410e-03   5.4239989e-02   2.9675274e-02
   8.0230292e-02   3.3340350e-02   2.0636404e-01  -3.0675989e-01  -2.5761033e-02  -1.7355972e-01   4.9632644e-02   9.2189011e-02
   3.3050380e-02   5.6353481e-02  -4.5352422e-02   9.5154861e-02   1.1300070e-01   7.9687823e-02  -1.1081152e-01  -1.5295493e-02
   3.4832770e-02   2.3017907e-02   3.0007625e-01  -2.5612508e-03   5.0669895e-01  -2.8435099e-01   3.5838601e-02   2.1720716e-02
   1.3448804e-02   4.6748404e-02   1.2218340e-01   1.1574754e-01  -2.4210475e-01  -7.2231992e-02  -1.0961375e-01   5.8126609e-02
   1.8478931e-02   8.6710401e-02  -1.0112270e-01   2.4201707e-01  -9.5997720e-02   1.6735754e-02  -1.0144076e-01   2.1907814e-02
  -1.2980811e-02   9.6357994e-02  -2.1265289e-01   2.5919586e-01  -9.1054434e-02   4.1575160e-02  -3.0619008e-01   4.3075713e-02
   1.7675540e-02   1.1612756e-02   8.7960320e-02   1.4880362e-01  -3.9093462e-01  -3.7940271e-02   3.5613048e-02   9.4686075e-02
   1.2067611e-02   1.0729211e-01  -6.1092275e-02   6.6302471e-02  -9.0591666e-02   1.3949608e-01   9.5353088e-02   1.0301063e-03
   5.9817214e-02   4.7009075e-03  -7.8461449e-02   6.3754750e-02   6.5889306e-02   2.6955787e-02  -6.7516689e-02   5.6252375e-02
  -8.1204556e-02  -4.9404520e-03  -5.4951299e-02   9.5471740e-02   9.6477373e-02   7.6320420e-02  -2.3222929e-02   4.1301077e-02
   4.3304839e-02   3.0671616e-02   1.5401370e-01  -1.2048047e-01  -2.8818615e-02  -5.8678606e-02   6.5554390e-02   2.8100841e-03
  -6.5781025e-02  -8.5453003e-03  -7.3674460e-02  -5.2683531e-02   3.5204131e-01   2.4570681e-02   1.5994634e-01   1.2461335e-02
   3.7941566e-02   4.7871311e-02  -7.2315871e-02  -3.9379920e-02  -6.7087401e-02   2.8605122e-02   1.1125953e-01  -2.7536742e-02
  -5.8363436e-02   5.4281737e-02   7.3141232e-04   1.2951355e-01   2.3570777e-01   4.0359316e-02   8.3501926e-02   6.0325193e-02
  -4.6845105e-03  -6.4162796e-02   4.1583794e-02  -1.3864204e-02  -1.0005064e-01  -1.3405375e-02  -1.8338801e-01  -7.0846659e-03
  -8.7145845e-03  -1.2555143e-01  -1.7695294e-01   1.9628182e-01  -4.5979569e-01   1.6624152e-01  -1.9416027e-01   9.4440513e-03
  -8.2230202e-03   3.5842972e-02  -3.7361353e-02   2.3216386e-02  -1.6206365e-01   1.1902615e-01   5.2630567e-02  -7.7784164e-02
   1.2393110e-02  -1.6083885e-02   1.8704656e-01  -1.9375116e-01   2.3298738e-01  -9.4214728e-02   1.9689827e-01   6.7673854e-02
  -4.6015918e-02   4.3242472e-02   9.9475219e-02  -2.3134325e-01  -5.6610834e-02  -9.9456427e-02  -5.5518570e-02  -1.2218177e-02
  -3.0668340e-02   7.3065003e-02   9.8880360e-02   1.2406831e-01  -1.4762728e-01  -1.6990368e-02   1.0902801e-01  -2.2191567e-02
   2.9472799e-02  -2.3242410e-02   3.4989625e-01  -1.1735204e-01  -2.9249239e-02  -2.3643151e-01   1.4530044e-01   4.7762427e-02
   1.9494123e-02   5.5574524e-02  -1.2841048e-01   9.6239077e-02   3.0504504e-01   3.7121129e-03  -3.4297522e-02   5.6137086e-02
   1.7532510e-02   3.7178603e-02   3.3351382e-01  -9.8383885e-02   2.9499681e-01  -1.9808070e-01  -1.5183510e-01   8.3223782e-02
   8.7628436e-02  -1.0751469e-02   2.1596264e-01   4.0937536e-03  -1.3887985e-01  -2.0325693e-01   3.2241504e-02   1.6179399e-02
   3.8560957e-02   8.2261762e-02  -3.4037541e-02   2.4912754e-01   3.3352817e-03  -8.9990245e-02   1.5034809e-01   7.3679161e-02
  -9.2511548e-02  -2.4528552e-02  -1.2353910e-01   2.1392381e-01  -5.4163978e-02   4.1892328e-02  -2.4277196e-01   9.3244178e-02
  -4.8023423e-03   6.3035764e-02  -2.6503716e-02   8.4018451e-02  -1.9381633e-01  -1.2302981e-02  -8.3145451e-03  -2.2092343e-02
  -5.8075412e-02   5.7795541e-02  -9.6460513e-02   5.4457167e-02   1.1425058e-01   1.0259130e-01   2.3339437e-02  -3.3190891e-02
   3.1474346e-02  -7.6872987e-02  -1.1789421e-01   9.2800284e-02   9.8499288e-02   5.7423135e-03  -7.6773941e-02  -3.4910038e-02
   2.2432312e-02   1.3920302e-01  -1.9660956e-02  -1.0712916e-02  -1.9142678e-02  -6.5664126e-03   2.5725166e-02   6.8559667e-03
  -5.1046292e-03   4.2501251e-02   8.9972867e-02  -2.2298885e-01   2.8114486e-02  -4.6070868e-02  -2.9602665e-01  -6.0521582e-02
  -2.9194165e-02   4.3857001e-02   8.5042252e-02   9.5487460e-02   3.6409398e-01  -1.4492531e-01  -5.0204289e-02  -4.4203616e-02
  -2.5554610e-02  -4.8993455e-02  -3.5726391e-02  -1.5548827e-02  -2.1992834e-02  -1.0383594e-02  -7.1291249e-02   5.9959488e-02
  -3.4556632e-03   2.1674873e-02   1.0326188e-01   7.5675430e-02  -5.4232587e-02  -4.5146293e-02  -4.8418194e-02   8.9325282e-02
   4.1747198e-02  -4.2346508e-02   5.0444475e-02   4.6296865e-02  -1.6226339e-01  -3.2352980e-02   2.2868706e-02  -2.3710300e-02
  -7.4156968e-02  -6.0230149e-02  -2.3804496e-01   8.5678622e-02  -4.9449558e-01   4.1046166e-02  -1.5545652e-01  -8.5014658e-03
  -1.3557681e-02  -2.1823749e-02  -2.1661188e-01   2.1354915e-01  -1.5759722e-01   1.3817673e-01   1.9427415e-02   7.1783521e-02
   1.6401204e-02   3.1332639e-02   2.1265565e-01  -2.9119233e-01   9.1473993e-02  -1.0778041e-02   9.0349556e-02   2.1470638e-02
   8.6203653e-03   6.1381473e-02   1.4924290e-01  -2.9157735e-01  -9.7910405e-02   1.9348399e-01  -1.8802402e-02   4.7121886e-02
   1.3824626e-02   6.6866806e-02  -1.5174014e-02   2.1190768e-01  -2.7735517e-01  -2.1190355e-02   1.0238463e-01  -5.2035511e-02
   1.4743423e-01   2.7811860e-02   2.2942563e-01  -3.1653251e-02  -6.0107940e-02  -2.9835833e-01   5.4522243e-02   5.9323515e-02
   8.2565223e-02  -7.4079955e-02  -8.5435530e-02   1.4963111e-01   2.7323216e-01   1.1464627e-01   2.5007761e-02   3.5225388e-02
   1.1033461e-01   7.3208462e-02   3.1137019e-01  -1.0814349e-01   4.9686383e-01  -2.1673082e-01   1.0833047e-01   3.7961027e-02
   1.5994966e-02  -2.9199321e-02   1.3337639e-01  -1.6592956e-01  -1.6266181e-01   1.5667270e-02  -6.8545212e-02   6.9578606e-02
  -1.6187328e-02  -7.0762528e-02  -6.5272707e-02   2.2996230e-01   1.4535350e-01  -2.4549282e-02   1.2459888e-01   3.0882580e-02
  -3.5740497e-02   7.8157466e-03  -4.9846598e-03   1.2546086e-01   6.4869425e-02   2.2970011e-02  -2.9364041e-01  -1.0765897e-01
  -3.3725265e-02   4.5834731e-02  -4.0791544e-02   1.9288605e-01  -2.9515154e-01  -1.4267585e-02  -1.3946889e-02  -3.9795159e-02
  -3.8469468e-02   3.0560164e-02  -2.3078643e-01   1.9451753e-01  -4.1171572e-02   1.1941883e-01   6.0448156e-02   4.4649104e-02
  -9.0342780e-03  -3.5195673e-03  -2.5630754e-02   1.3738749e-01   5.7036486e-02  -2.6668518e-02  -1.8840505e-01   3.3854080e-02
   6.0578231e-02  -2.2550157e-02  -1.5564278e-03  -1.5189223e-01  -1.1402979e-01   7.7740080e-02  -6.9568622e-02   5.2662514e-02
   3.1268002e-02  -3.5865874e-03   2.5562628e-01  -3.1101018e-01   5.5974810e-02  -1.5864367e-01  -5.4053805e-01  -5.2761766e-03
  -6.8421847e-04  -2.3315179e-02  -9.6590354e-02   2.2706128e-01   1.9768149e-01   3.1156525e-02  -8.2496848e-02  -3.6103243e-03
  -2.5725235e-02  -8.7796820e-03  -6.7349242e-02  -2.4952876e-01  -4.0975567e-02   6.8588824e-03   2.3239591e-01  -8.6715300e-02
   4.1308995e-02   8.1644955e-02   1.2679950e-01   6.4244608e-02  -3.9311466e-02   9.1382764e-04  -1.0717078e-02   5.5411528e-03
   3.2439670e-02   8.5701721e-03   3.0295144e-02  -1.9665599e-02  -8.7414047e-02   5.2669208e-02   6.7092616e-02  -1.1369982e-02
   8.4168352e-02   2.9931579e-02  -1.6280739e-01   1.1271793e-01  -3.7088788e-01   1.0429607e-02   1.6532796e-02   4.1382437e-02
   2.3342974e-03   8.2065449e-02  -2.7077250e-01   2.8473401e-01  -7.5685676e-02   9.8357446e-02  -2.8026451e-02  -3.0338631e-02
   5.9334585e-02   1.2628182e-02   1.0379237e-01  -2.0988433e-01   1.5275986e-01  -5.1873776e-02  -2.5339402e-04   1.7198063e-02
   3.0106967e-02   4.7687616e-02   9.9800906e-02  -3.2946459e-01  -6.6249243e-02   2.8026176e-02  -3.6744104e-02   2.7495126e-02
   6.8394269e-02   4.0363961e-02   5.6800089e-02   2.8258350e-01  -4.6524952e-02  -1.3560793e-01   3.4421520e-02  -4.3042367e-03
   1.0847260e-01  -1.5738380e-03   2.6350727e-01   8.6245899e-02  -7.0072435e-02  -2.2855848e-01  -2.1667153e-02   9.9797200e-02
   7.2549069e-02  -8.6300634e-02  -1.2081005e-01   2.6238741e-01   1.7690724e-01   3.3878840e-02   9.4322344e-02   7.1285930e-02
   5.6327045e-02  -6.5865520e-02   2.6905576e-01  -3.9079480e-02   3.6878412e-01  -1.1643305e-01   5.1379544e-02   7.0209605e-02
  -8.0005527e-03  -1.8800347e-02   5.6381969e-02  -1.1518082e-01   1.4714490e-02   2.4703413e-02  -1.5252541e-01   2.5795687e-02
  -1.2547350e-02  -4.2258979e-02  -1.0377322e-01   6.4547547e-02   8.5468416e-02  -1.5500958e-01  -2.2421591e-02   1.5447260e-02
   4.3534949e-02  -1.8514385e-02  -1.7108500e-02   7.3821287e-02   8.5100463e-03  -3.3412429e-02  -1.8837137e-01  -6.2011996e-02
   6.9724712e-02  -4.4146050e-02  -2.6334275e-02   7.5665918e-02  -1.5002954e-01  -5.9640011e-03  -2.3766444e-02   7.3574191e-02
   4.5163081e-03   2.5329860e-02  -2.8002493e-02   2.2670381e-01   1.7113529e-02   5.7292216e-02   2.5069307e-01  -7.0726317e-02
   4.1673411e-02   7.3814159e-03   9.6271231e-03   2.9843060e-02  -1.3405047e-02  -2.0442480e-02  -2.1108752e-01  -3.7685876e-02
   2.9902694e-03  -2.8924603e-02   3.7095944e-03  -1.9292653e-01  -3.4043133e-01   1.3868716e-01  -1.1365121e-01  -1.8287684e-02
  -2.6466605e-02   1.2177585e-02   1.5348529e-01  -4.0944017e-01   1.0845990e-02  -1.3808085e-01  -4.8634525e-01   3.7552995e-03
   4.5695997e-02  -5.5517483e-02   1.2477201e-02   8.3716541e-02  -1.6864428e-02  -3.5916392e-02   1.9986004e-02   2.8848155e-02
   2.7405562e-02  -4.7267902e-02  -2.6950919e-02  -1.0460713e-01   2.6038028e-01   1.0307453e-01   2.0307736e-01  -4.6062676e-02
   8.3806376e-03   1.4018381e-02   7.1911463e-03   1.3464198e-01   4.1997322e-02  -1.2219335e-01  -5.9352683e-02  -1.9825945e-02
  -4.6477358e-02  -3.8246043e-02   3.2899100e-02   2.4472212e-02  -1.9303342e-01  -8.0371659e-03   1.4936152e-01   3.9324611e-02
   1.3481225e-02   6.2042288e-02  -1.9397907e-01   2.5779528e-01  -3.9669636e-01   5.4167040e-02   6.4159088e-02  -1.3061940e-02
   1.8622597e-02   6.4902115e-02  -1.5642353e-01   1.2570602e-01  -6.4032386e-02   8.2997576e-02  -1.0184418e-01   2.0102806e-02
   1.5301410e-02   4.0564333e-02   1.3252588e-01  -2.3786001e-01   2.2871101e-01  -5.4172085e-02  -2.1881813e-02   5.5891745e-02
   1.3290955e-01  -2.1003490e-02   2.2484792e-01  -1.7390623e-01   1.1433076e-02  -1.6192898e-01  -2.6931615e-01   6.9562569e-02
   6.3754241e-03   4.0700419e-02  -4.8725780e-02   2.9562952e-01   1.1870068e-01  -3.2784789e-02  -2.5542855e-01  -3.7474028e-02
   7.4711374e-02  -8.0194123e-02   1.9414417e-01   1.5348400e-01  -1.5806532e-01  -1.5654232e-01   4.9275594e-02   1.3628997e-02
  -2.1422800e-02  -7.2782712e-03  -1.2799229e-01   2.1059921e-01   2.0397963e-01  -1.5729058e-02   2.1227688e-01   2.5758049e-02
  -1.3969695e-02   1.4213960e-01   3.5474497e-02   6.9178972e-02   3.7076292e-01  -6.4708080e-02  -9.4037720e-02  -2.8323989e-02
   6.6196698e-02   3.4251537e-02   1.0821309e-02   1.6028137e-01  -2.0102273e-01  -1.2404625e-01  -2.3817997e-02  -5.7601956e-03
  -7.4760108e-02  -5.6672556e-02  -1.1407728e-01   8.5198407e-02  -1.8321940e-02   1.5137065e-01  -4.3318938e-02  -1.8804151e-02
  -5.6151838e-02   2.2865348e-02   3.8967072e-02   2.4997747e-02  -5.7048447e-02   5.4168545e-02   5.5426202e-02  -2.6568521e-02
  -2.8838059e-02  -1.0784608e-02  -3.1322810e-03   8.5709790e-02   3.0172924e-02   6.2412913e-02  -8.9240683e-02   2.9561377e-02
  -1.8438363e-02   6.3530570e-02  -8.3565610e-02   2.4451654e-01   5.7044753e-02  -1.4624923e-01   3.6629841e-01  -1.0318981e-02
   3.5037570e-02  -9.1806276e-03  -1.8559239e-02  -1.4629745e-01  -2.2634744e-01   2.4851267e-02  -2.3010563e-01   3.8542175e-02
  -2.8848250e-02   4.1472273e-02   2.5280037e-02  -2.2102059e-01  -2.4914744e-01   1.7998839e-01  -1.3636875e-01  -3.9814960e-02
  -8.0717003e-02   1.5320730e-02   1.2573657e-01  -3.6176913e-01   1.9968746e-01   1.1360715e-02  -4.3016307e-01  -6.0033550e-02
  -2.1745472e-02   2.1141880e-02   1.3389448e-01   1.3234551e-01   1.5890330e-01  -2.0061909e-01  -1.2911252e-01   9.0682702e-02
  -5.6048327e-02  -2.1157814e-02  -3.4048031e-02  -8.2598331e-02   1.8078622e-01   5.6214781e-02   1.1037785e-01  -1.0585280e-02
   3.2700052e-02   3.7965242e-02  -1.3463618e-02  -1.0053115e-01  -3.8359443e-02  -2.0884958e-02  -1.4987935e-01   2.5515761e-02
  -9.0749239e-02  -1.8340804e-03  -3.4341803e-02  -4.9191382e-02  -2.6304063e-01  -2.3556894e-02   8.2738781e-02  -1.7096593e-02
   7.1878055e-05   1.3506065e-02  -1.1434289e-01   2.5779667e-01  -3.5321162e-01   4.0097781e-02   1.6858698e-01  -5.1592292e-03
  -6.4430526e-02   3.0797467e-02  -2.1928153e-01   2.8714003e-01  -7.0275907e-02   1.2466875e-01   1.7885009e-01   4.1217073e-02
   2.1948305e-02  -1.8755501e-02   7.1579006e-02   8.5417276e-02   2.2400622e-01  -1.2009478e-01  -3.2782285e-01  -5.5870982e-03
   5.8212127e-02  -1.5935913e-02   1.5026683e-01  -1.4020238e-01   1.2005854e-01  -4.8245115e-02  -2.6463425e-01  -1.0394162e-02
   2.7620613e-02   8.6649504e-03  -2.3516265e-02   1.0704993e-01   7.6520200e-02  -1.1906657e-01  -2.2612559e-01  -1.5130487e-02
   3.8143677e-02   1.0047605e-02   2.5715474e-01  -6.7030923e-02  -2.9282009e-01  -2.1579878e-01  -2.4431934e-01  -2.5547854e-02
  -9.3774243e-02  -4.3428631e-02  -9.7724209e-02   4.2572725e-01   1.6881346e-01   1.0444954e-01   2.1501917e-01   2.6282560e-02
   2.1190439e-02   5.3152550e-02   1.8151251e-01  -1.6410200e-01   4.1361047e-01  -1.0455662e-01  -1.2759586e-01   8.9315190e-03
  -1.9352198e-02  -6.8444941e-03   9.1070994e-02   5.6068270e-03  -2.0763743e-01  -1.1301192e-01  -1.6909493e-02   1.1175952e-01
  -6.0527285e-03  -7.5287022e-02  -7.9974245e-02   2.6480239e-02  -1.6279148e-02  -1.2174885e-02  -4.5078618e-02   2.2556567e-02
   2.5543708e-04  -1.3996127e-02   4.8320412e-02  -5.9341524e-02   6.1425954e-02   2.9202194e-02   4.4262342e-02  -4.2676396e-02
  -4.6348519e-02   9.4345478e-04  -9.5473816e-02   1.8888987e-01  -1.5773808e-01  -2.1324309e-02  -6.6003217e-03   9.0190800e-02
   6.1052037e-02  -7.3684479e-02  -1.3084892e-02   3.6804620e-01   2.5221198e-02  -1.9053287e-02   4.6967228e-01   1.0960796e-02
  -3.5123599e-03  -6.4659817e-02   3.2918908e-02  -1.6756203e-01  -1.3025589e-01   1.7000786e-01  -5.5817241e-02  -3.6620036e-02
  -2.7216455e-02  -8.9736478e-02  -2.0398715e-02  -3.1706975e-01  -2.4107558e-01   7.9363244e-02   6.6507981e-03  -4.4502503e-02
   2.1561761e-02   3.8538598e-02   4.2092767e-02  -3.6828133e-01  -1.1115350e-02   6.3391335e-02  -3.3786640e-01  -6.1976740e-03
   8.7530045e-02  -3.6713052e-03   1.6417622e-01   1.0671028e-01   2.2499364e-01  -1.6012117e-01  -7.4223143e-02   6.7236587e-04
  -3.3241824e-02   4.8344612e-02  -8.1033243e-02   3.5040645e-01   2.9111558e-01  -8.5556890e-02   6.9185516e-02   5.0773342e-02
b1
   2.7917358e-01   1.7446655e-01   3.1254055e-01   3.8847175e-01  -7.5686301e-02  -3.9748751e-01  -7.8335129e-01   1.5741237e-01
w2
  -6.0634151e-01
  -4.3996985e-01
  -1.9102161e+00
  -2.7358415e+00
   3.8324790e+00
   1.8294760e+00
  -3.8318933e+00
  -4.6724391e-01
b2
  -1.1895328e+00
