nin
   580
nhidden
   8
nout
   1
nwts
   4657
w1
  -2.0523389e-01  -3.9470903e-01   1.4056236e-01  -7.0914752e-01  -4.2290072e-01  -2.3767121e-01   2.4816433e-01  -9.1891757e-03
   4.2086295e-02   1.0488519e-01  -2.2249636e-01   1.9382839e-01  -1.0808890e+00   9.5301510e-02   3.8320773e-01   3.2299801e-02
   3.4667826e-02  -1.3948095e-01   1.6377741e-03   7.7211419e-01  -6.5166292e-01  -3.7543275e-01  -4.8922186e-01   7.3704876e-02
   1.3039331e-01   2.9273141e-01   1.4487617e-01   8.8116262e-01  -1.3842057e-01  -2.6421871e-01   6.5712232e-01   1.1267603e-01
  -1.8848982e-01  -1.1730787e-01  -6.3961728e-02  -5.7426960e-01  -4.5791312e-01   1.9859466e-01   2.1991366e-01   1.7867128e-02
   2.1371274e-01  -1.6609447e-01   2.4673621e-02   7.6525185e-01   1.8088199e-01  -2.7589191e-02   2.7771071e-01   4.0431641e-02
   5.5094120e-03  -2.1020056e-01  -2.9511798e-02   6.8087877e-02  -1.1514444e-01   2.2188190e-01   1.9720044e-01   3.7669772e-02
   6.1278373e-02   3.3720075e-01   6.7012530e-01   4.6695300e-01   3.7594404e-01  -4.6380292e-01  -1.5360947e-01  -2.8942851e-02
  -8.7349919e-02   3.6752842e-02  -4.0099230e-01  -5.3468010e-01   3.5745312e-01   4.3129583e-01  -1.5482783e-01  -1.6628871e-01
  -1.9391114e-01   3.3226848e-01  -2.9881026e-01   1.6180688e-01   8.7301036e-02  -3.9154411e-01   4.5315153e-01  -7.4050027e-02
  -7.3733479e-02  -6.8112437e-02  -7.1886541e-01  -1.3304631e+00   2.0462595e-01  -1.8740413e-01  -5.9135223e-02  -1.4305732e-01
  -1.3053698e-01  -1.0841066e-01  -6.5967675e-01  -1.6319838e-01  -2.4041868e-01  -8.8916375e-02  -3.7406595e-01  -1.1284852e-01
  -1.3969192e-02  -2.9497447e-01   2.0401336e-01   5.9084074e-01  -2.4413122e-01   2.7843626e-01  -3.8016653e-01   1.9346884e-01
   1.9452123e-01   1.3579725e-01   4.1180143e-01   3.8384133e-01   7.7510536e-02  -1.4318134e-01  -1.7127780e-01   4.7333863e-03
  -2.2942644e-02  -2.0159416e-02  -8.0795242e-02  -1.3303707e-01   1.8446139e-01   2.2329011e-01  -2.4979398e-01  -9.5203932e-02
  -1.4839425e-01  -1.7689128e-01  -3.5498333e-01  -8.9498588e-01   3.8954185e-01  -4.7107462e-01   4.9593143e-01   1.4757530e-02
  -2.9807374e-03  -4.6645438e-01  -1.3307992e-01   1.1735970e-01   3.9252019e-01  -1.6855511e-01   3.2813709e-01   1.0630226e-02
  -1.4437059e-02   1.6138628e-01  -7.2546566e-02   4.6456733e-01  -1.6212320e-01  -1.0070495e-01  -6.1263791e-02  -1.0422634e-01
   1.7840519e-01  -1.8718594e-03   5.1909351e-01   2.8859795e-01   8.6315229e-02   1.2144582e-01   6.3047851e-01   1.3038284e-01
   1.2638166e-01   1.6276313e-01   2.5722773e-01   4.1593800e-01   1.7037159e-01  -2.1163344e-01  -1.2359897e-01  -2.0396187e-02
  -2.5040528e-01  -2.2978185e-01  -7.1077439e-02  -3.6403862e-01  -3.1209684e-01  -1.7674948e-01   2.7843181e-01   1.6461103e-01
  -2.8350526e-03   1.1330562e-02  -3.2114302e-01  -5.3038898e-02  -8.6878411e-01   9.1056581e-02   4.2100987e-01   2.3489552e-02
   1.2197702e-01  -4.0656113e-02   1.0431329e-01   7.6200422e-01  -6.8104862e-01  -7.2394173e-01  -4.7958300e-02   1.0181537e-01
   3.5896718e-01   1.1171249e-01   1.0311080e-01   3.9065906e-01  -6.8103433e-01  -4.1872211e-01   3.8273538e-01  -4.3142103e-02
  -1.1331400e-01  -1.2871313e-01  -1.7986457e-01   1.7649751e-01  -6.2279510e-02   3.5856602e-01  -1.0348331e-01  -1.1322464e-01
   1.4684174e-01  -2.3708841e-01   4.6062648e-01   5.5269598e-01   5.4085634e-01  -1.1935529e-01  -1.9513076e-01   6.0787823e-02
   9.6670373e-03  -1.6293380e-01  -3.6799869e-02   7.4531151e-02  -5.0295518e-01   2.4712314e-01  -6.4689918e-01   4.9437648e-03
   1.8835967e-03   7.9844940e-02   2.1415032e-01   1.0975367e-01   4.3529487e-01  -7.5601149e-01   1.2501131e-01  -2.1865500e-02
  -9.3099787e-02   6.3741742e-02  -1.0741340e-01  -5.3923821e-01   3.1524570e-01   1.0602562e+00   2.4674413e-01  -1.5093860e-01
  -1.0085298e-01   3.4157350e-01  -3.7662346e-01  -5.5126565e-03  -1.3238665e-01  -2.9941310e-01   7.3753967e-01  -1.2880253e-01
  -1.1129767e-01  -1.0921337e-01  -6.8837801e-01  -6.2421564e-01   1.5546273e-01   2.1698990e-01  -4.3149156e-01  -2.0198964e-01
  -1.1324049e-03   1.9779063e-01  -2.9009494e-01   8.4190719e-02  -4.8921539e-01  -3.9762072e-01  -4.2142394e-01  -3.2219431e-02
  -6.0617355e-02  -4.1445693e-01   2.8985445e-01   4.3118907e-01  -2.0445398e-01   9.3241233e-02  -3.7161943e-01   1.1750889e-02
  -1.6233655e-02   1.6123990e-01   1.4167842e-01   3.6246256e-01  -1.7375250e-01   5.3466086e-02  -1.3776765e-01  -1.0337111e-01
   1.0696538e-01  -2.0741112e-02  -7.1875496e-02  -4.5600998e-01   4.0755598e-01   1.0552540e-01   1.8416390e-01  -8.1106928e-02
  -2.9822112e-01   2.6238415e-01  -3.1166998e-01  -4.3043047e-01   1.9207533e-01  -2.9941637e-01   3.0673387e-01   4.2892415e-02
   5.7225286e-02  -4.4768021e-01  -1.6427897e-01   2.3088446e-01   2.1860654e-01  -4.0939197e-02   2.2304632e-01  -4.8766505e-02
  -1.3272721e-01   1.7871012e-01   2.6319743e-01   3.3933853e-02   2.2970626e-01  -1.9332453e-01   3.6308138e-01   1.5510083e-02
   1.8096372e-01  -1.5374346e-03   2.7507263e-01   1.6258200e-01   4.3442871e-01   1.6632001e-01   5.6614226e-01   1.1158323e-01
   1.6409219e-01   7.5421115e-02   1.4760741e-01   4.6739505e-01   1.2719531e-01  -1.9282249e-01   2.0313685e-04   9.7134014e-02
  -3.6120529e-01  -2.6241908e-01  -3.2234016e-01  -4.1877795e-01  -5.1730675e-01   1.8930587e-02   2.5005768e-01  -1.7521480e-02
   2.6966623e-02  -1.1524523e-01  -3.4634511e-01   1.1411727e-01  -7.7845787e-01   3.8267496e-01   2.2918440e-01  -1.9373691e-02
   1.1725431e-01  -1.1367910e-01   2.9157371e-01   7.7097422e-01  -7.5332232e-01  -7.1952240e-01  -3.1838719e-01   1.1204182e-01
   2.1367406e-01   1.9326542e-01   3.4288702e-01   6.3111522e-01  -5.3190246e-01  -7.0848627e-01   2.1353987e-01   2.9242290e-02
  -8.4184996e-02   6.0778518e-02   7.4394819e-02   1.9795559e-01  -4.1302562e-01   9.7683760e-01   2.7292929e-01   1.2868904e-01
   1.5208956e-01   7.8693086e-02   3.7845612e-01   8.1865936e-01   4.5062985e-01   1.5480569e-01  -6.0858109e-02   2.4028827e-02
  -1.2198685e-02  -4.7469683e-02   4.9712908e-02   4.0969970e-02  -3.2554828e-01  -7.0594065e-02  -5.2634149e-01   9.8532765e-03
   5.3699363e-02   2.1346585e-01   6.1221335e-02   6.3297819e-01   5.3733892e-01  -6.7844752e-01   2.3024537e-01  -1.0209969e-01
  -2.5147540e-01  -1.7865837e-01  -2.2442611e-01  -4.1219802e-01   4.2245774e-01   6.6240383e-01  -1.1484176e-01  -1.3929115e-01
  -1.3222614e-01   3.1612175e-01  -3.4533561e-01  -3.5359185e-02   3.2036774e-01  -3.3847535e-01   7.7489843e-01  -4.5019023e-02
  -1.8900942e-01  -8.4847832e-02  -7.6056455e-01  -5.8797248e-01   8.3587952e-03   2.5190817e-01  -8.1939675e-01  -6.4733336e-02
   6.4632355e-02   1.8738004e-01  -4.3486895e-01   4.6782771e-01  -6.8200351e-01  -8.6396758e-01  -1.4256111e-01  -6.1269683e-03
  -3.1186783e-02  -2.7044920e-01   2.0365491e-01   1.1176101e-01  -4.2134275e-01   1.0589014e-01  -3.0680112e-01   4.8448186e-02
   1.2224754e-01   5.2689207e-02  -1.3734288e-01   3.0395306e-01  -6.5232862e-01  -2.7368639e-01   2.9336339e-01  -3.0524150e-02
  -4.7584141e-05  -1.9909330e-01  -1.0267357e-01  -1.7369506e-02   5.6781959e-01  -8.0634139e-02  -1.4327792e-01  -4.2920413e-02
  -2.8883378e-01  -2.2586292e-01  -1.9686086e-01  -1.1891225e+00   1.2776688e-01  -5.0227723e-01   4.8011156e-01  -1.7256924e-02
  -1.8927556e-02  -5.0940715e-01  -1.8454522e-01  -7.5398490e-02   5.4346642e-02   3.9241077e-01   6.9046282e-01   1.5962458e-01
  -2.7347261e-02   2.8665344e-01   1.1736973e-01  -7.8172284e-02   4.3466416e-01  -4.1494295e-01  -6.0375768e-03  -1.6751714e-01
   1.6448466e-01   9.2341934e-02   4.6657641e-01  -2.0085056e-01   3.7647344e-01   5.4773871e-02   5.5429555e-01   5.3253508e-02
   1.5954626e-01   7.5055067e-02   3.7929538e-01   4.3869595e-01   6.0241635e-02  -2.3014870e-01   2.2550206e-02   7.3133225e-02
  -2.6104266e-01  -6.2596575e-01  -1.2162451e-01  -8.6153401e-01  -4.6054376e-01   3.2809608e-01   4.6746465e-01   1.4398728e-01
  -5.7125435e-02  -2.2117203e-01  -1.2170550e-01  -1.9856836e-01  -1.1686759e-01   1.4514488e-01   1.0657836e-01  -6.6406141e-03
   1.8331735e-01  -2.1421567e-01   3.9724630e-01   4.9012976e-01  -6.9962101e-01  -8.3529292e-01  -4.7248800e-01   1.0183164e-01
   4.2240530e-02   3.0874372e-01   3.7304141e-02   7.8239984e-01  -4.5071087e-01  -8.1056726e-01   1.2254789e-01   5.1110966e-03
  -1.0537508e-02   4.8959036e-02  -2.5907248e-01  -5.4800884e-01  -6.8985507e-01   7.5021781e-01   6.0483606e-01   5.4601942e-02
   1.1397459e-01  -1.7595961e-01   4.3126665e-01   7.4156482e-02   3.2982082e-01   1.5256497e-01   2.5283031e-01  -1.0202993e-01
   7.2606334e-02  -2.9467668e-02   6.6771075e-02   4.5078133e-01  -4.5367663e-01  -2.5820037e-01  -3.4593457e-01   3.1093995e-02
   9.5586109e-02   8.5332335e-02  -8.8084773e-03   3.0570532e-01   9.1942031e-01  -7.8289838e-01   5.4781132e-01  -2.0974006e-02
  -1.2614802e-01  -2.1360110e-01  -5.9677669e-02  -1.0161967e-01  -7.6360826e-02   3.8721423e-01  -6.6438454e-01  -9.3623516e-02
  -3.4590443e-02   2.9712072e-01  -2.4596452e-01  -3.3331781e-01   5.2400911e-01  -2.8528494e-01   4.3919740e-01   3.6909434e-02
  -1.6931050e-03  -6.5954996e-02  -7.5675442e-01   3.0258277e-02   2.3718268e-01   4.2618654e-01  -8.5978992e-01  -1.7766674e-01
   2.4051694e-02   2.5116216e-02  -1.4921093e-01   5.4486386e-01  -4.8344698e-01  -9.9507921e-01  -7.8439462e-02  -5.2279189e-02
  -1.4795297e-01  -3.5625553e-01   1.4095919e-02   3.3987856e-01  -3.4330265e-01  -3.3399305e-01  -6.4004540e-01  -4.3503869e-02
   1.7158152e-02   3.9800345e-01  -1.8061275e-01   1.4789640e-01  -6.2289863e-01  -2.0817361e-01   3.2211012e-01  -1.5476904e-01
  -1.0779238e-01  -1.8309000e-01   3.4343296e-03   1.4812827e-02  -1.5727696e-02  -2.2621636e-01  -8.1617869e-01  -6.6135217e-02
  -3.0134104e-01  -1.6778719e-01  -2.0353984e-01  -1.2909236e+00   3.4072205e-02  -3.4792391e-01   3.6626104e-01  -1.5067966e-02
   5.7291181e-02  -1.0255480e-01  -2.0331554e-01  -1.5349520e-02  -5.4107016e-03   4.4940770e-01   6.7071722e-01   9.8048236e-02
  -9.5273361e-02   4.2225248e-01  -3.6022994e-02   4.6242639e-01   7.2187577e-01   7.0990379e-02   3.9350842e-01  -6.3468739e-02
   2.4947945e-01  -1.0989153e-02   3.5613284e-01   4.1131005e-01   6.0910949e-01   3.4488152e-01   6.5623569e-01   5.5750157e-02
   1.6695453e-01   2.2887224e-01   2.6236074e-01   4.8593401e-01  -3.1651092e-01   1.4661308e-01   2.7865949e-01   7.2413828e-02
  -1.0395845e-01  -8.0754861e-01  -3.2666388e-01  -5.2891032e-01  -7.1117560e-03   3.5841833e-01   2.1932727e-01   2.9668874e-01
  -9.7020347e-03  -3.8288687e-02  -5.0262560e-01  -1.6927142e-01  -1.9514231e-01   1.0607910e-01   2.2865217e-01   9.4617522e-02
   1.3578227e-01   1.0679825e-01   4.9861486e-01   7.9436260e-01  -7.0748787e-01  -5.6767981e-01  -2.7530180e-01   1.3425904e-01
   1.4566407e-01   3.2876880e-01  -2.7522404e-01   8.8286135e-01  -7.2259880e-01  -1.0278389e+00   5.9220722e-01  -3.0455361e-02
   5.4287946e-02   4.0492811e-02  -1.2214127e-01  -1.4103935e-01  -4.1407842e-01   7.1742383e-01   1.6229855e-02  -6.0466921e-02
   7.8178739e-02  -2.1923309e-01   1.4249862e-01  -2.6915080e-02   1.4463169e-01   4.3925906e-01   1.7286028e-01   1.1864206e-01
  -4.7028066e-02   1.0557440e-01   1.2073233e-01   4.1767564e-01  -7.0677701e-01  -3.8957587e-01  -6.1747509e-01   2.5014565e-03
   7.5076877e-02   2.3763266e-01   4.2457705e-01   5.3511037e-02   1.1851329e+00  -2.7469917e-01   7.1722453e-01  -1.2042612e-01
  -4.4893184e-02  -1.3802636e-01  -4.0354132e-01  -1.2711398e-01  -7.7894835e-01   1.8529414e-01  -6.3492500e-01   7.7162784e-03
  -1.3898333e-01   2.1169325e-01  -3.3109700e-01  -4.7717878e-01   5.6449870e-01  -1.0112821e-01   8.0204925e-01  -8.5833796e-02
  -2.2720787e-01   1.2340707e-01  -9.4138652e-01  -3.6743170e-01   4.2679307e-01   1.9755783e-01  -8.1687421e-01  -3.2403926e-01
   9.9032704e-02   1.4226151e-01  -1.6527899e-01   3.3331417e-01  -5.6461250e-01  -8.7325338e-01   2.0897768e-01   1.3559233e-01
  -2.2326265e-01  -3.7433436e-01   6.3267659e-02   6.4324435e-01   2.6506041e-01  -9.5995389e-02  -2.0985654e-01  -1.1517224e-02
   1.6879692e-02  -3.0303403e-02   2.2638378e-01  -8.1686105e-02  -7.8910287e-01  -3.6025470e-01  -1.7157333e-01   9.7377147e-03
  -3.4829951e-02  -1.8958096e-01   1.3861500e-01   2.3116851e-02  -2.4452728e-01  -3.0518026e-01  -7.2485803e-01  -9.4215354e-02
  -4.3381405e-01  -1.0460782e-01  -2.9844306e-01  -1.8522885e-01   1.9479882e-01   4.8661191e-02   2.8486487e-01  -1.2055011e-01
   4.0594799e-02  -2.3093083e-01   3.2342930e-02  -2.5036396e-01   4.2053902e-01  -4.0945585e-02   5.3274903e-01   4.9803058e-02
   1.6211948e-02   2.4862157e-01   1.1008472e-01  -2.2196812e-01   7.7394345e-01   1.6665684e-01   4.2726234e-01  -1.5215410e-01
   1.5348377e-01  -6.9941246e-03   5.1313180e-01   2.7751624e-01   4.3306252e-01   6.2894780e-01   8.5858885e-01   8.4406597e-02
   2.5919283e-01   1.8194227e-01   4.7031574e-01   6.7589049e-01  -5.2161223e-01  -3.1356751e-01   5.7562437e-02   1.0013136e-01
  -2.2231548e-01  -4.7398634e-01  -4.8294847e-01  -2.4260174e-01   3.2276947e-01  -1.1782973e-01   3.8815895e-01  -1.3296461e-01
  -1.3609589e-01  -3.5848777e-01  -4.4443415e-01  -2.6721867e-02  -4.2813334e-01   3.9252905e-01   3.6894300e-01   7.9729215e-02
   2.7028783e-01   7.1635450e-02   3.4339589e-01   5.5442454e-01  -1.1504598e+00  -5.7493159e-01  -3.2249065e-03   1.6882627e-01
   1.2652635e-01   1.7614310e-01  -7.1678986e-02   3.4122906e-01  -9.6060397e-01  -6.7059661e-01   5.8455309e-01  -2.5510338e-02
  -2.7386426e-02  -8.9314890e-02  -5.2118460e-03   1.5647091e-01   2.5502914e-01   5.5409953e-01  -3.1626712e-01   1.8440214e-02
   3.5306748e-02  -2.2379217e-01   2.7465901e-01   2.2205757e-01   8.6145407e-01  -1.5624238e-01  -5.7574377e-02   4.6348690e-02
  -3.0965766e-02  -3.9086930e-02   1.6759440e-01   1.4849283e-01  -3.5972029e-01  -3.5375404e-01  -1.4780923e-01   1.6501738e-01
   1.1210199e-01   3.2515109e-01   3.2093369e-01  -1.2634939e-01   1.6883677e+00  -9.3521248e-01   5.1200162e-01  -2.2086221e-01
  -1.5852343e-01  -3.0935277e-01  -6.6037958e-01   6.3897823e-02  -1.1664373e+00   2.3116859e-01  -7.4780801e-01  -6.4548752e-02
  -3.5338027e-02   3.6385603e-01  -2.4854240e-01  -4.1522420e-01   7.5104580e-01   4.7048756e-01   9.3867276e-01   1.5189518e-01
  -3.7360740e-01  -6.4739470e-02  -1.2577629e+00   3.9051850e-01   5.4067346e-01   9.7924771e-02  -8.2269782e-01  -1.8452536e-01
   1.5047991e-01   3.2623758e-01   2.0848696e-01   4.8244446e-01  -9.5586480e-01  -8.6832649e-01  -8.4251219e-02  -2.4582006e-03
  -5.4478933e-02  -5.5429385e-02   1.8334093e-01   2.4261002e-01   1.6049201e-01  -3.5072309e-01  -1.0049209e-01   2.7206244e-02
   1.8236020e-02   8.1419782e-02  -9.1973856e-02  -8.9460935e-02  -1.1102834e+00  -1.5504068e-01  -3.0105964e-01  -6.5130409e-02
  -1.2936568e-01  -3.8260567e-01   2.8773733e-02  -1.4220787e-01  -2.7983893e-01  -2.8498773e-01  -7.1775669e-01   5.5652694e-02
  -3.2806416e-01  -2.0744321e-01  -4.5214150e-01  -8.9620248e-01  -1.9753743e-01  -1.5493261e-01   4.1241230e-01  -1.4633055e-01
  -4.4289391e-02  -1.6969380e-01   1.1378493e-01  -3.3192754e-01   2.4327374e-01   1.1885338e-01   2.7541450e-01   2.9357449e-03
  -4.9654986e-02   2.7880509e-01   4.3487694e-01   3.4906781e-01   3.7553045e-01   8.7195115e-01   5.1210847e-01  -2.3824913e-01
   1.1281352e-01   1.2285652e-01   4.6945308e-01   2.3058481e-01   2.1723948e-01   4.6830434e-01   5.0395450e-01   1.7995544e-01
   2.2296855e-01   1.2286147e-01   4.3954721e-01   4.8316681e-01  -2.9293450e-01  -1.7591154e-01   5.4578917e-01   6.7262764e-02
  -1.0627555e-01  -3.8317735e-01  -3.6067881e-01  -3.8036035e-01   1.2917068e-01   2.2647656e-01   3.0735027e-01  -1.4292704e-01
  -1.3920924e-02  -1.2622514e-01  -2.8744883e-01  -2.3136942e-01  -6.0895867e-01   1.8864056e-01  -7.4478171e-02   1.9602645e-02
   1.4071556e-01   1.0551360e-03   6.8267036e-01   5.5502712e-01  -9.0689979e-01  -3.0513772e-01   1.5752989e-01   3.4225728e-02
   1.9282518e-01   2.7695138e-01  -4.1616770e-01   1.0083462e+00  -9.8829051e-01  -1.0846933e+00   7.3512264e-01  -2.9696422e-02
  -8.7414032e-03  -2.5005877e-01  -2.7458740e-01  -3.2436387e-01   2.8254258e-01   4.5389019e-01   3.1332794e-01   1.0497570e-02
  -2.2068580e-02  -3.3987033e-01   3.1341570e-01   5.4469250e-01   1.0579445e+00  -1.3394985e-01  -6.1139526e-02   2.7028959e-01
  -3.9742064e-02   5.3534347e-02   7.4496312e-02   3.4779296e-01  -8.4030782e-01  -7.7869731e-01  -9.0131358e-01  -8.1971575e-03
   1.9691489e-01   4.6463262e-01   6.9355975e-01  -5.5660744e-01   1.2904125e+00  -4.9364823e-01   8.1659548e-01  -1.2002497e-01
  -1.5803290e-01  -3.2909091e-01  -3.0567597e-01  -6.1960470e-02  -5.4948370e-01   8.1672770e-01  -3.5222315e-01   1.9893187e-02
  -2.0457811e-01   2.5605845e-01  -1.8632666e-01  -8.3657785e-01   7.4784918e-01   5.4126055e-01   7.1343350e-01  -5.0178387e-02
  -3.2960779e-01  -2.7880341e-02  -1.3588407e+00   7.0719564e-01   6.0960463e-01   2.3624491e-01  -8.2372550e-01  -2.1183925e-01
   1.7032186e-01   2.8212018e-01   1.3430737e-01   6.3245829e-01  -4.6390215e-01  -9.3708174e-01   6.8281217e-01  -3.5503988e-02
  -1.2594843e-01  -6.2173301e-02  -1.5375705e-01   5.7595625e-01  -2.0126948e-01  -1.9363595e-01  -5.6916830e-02  -9.6282240e-02
  -2.4500649e-02   1.2939493e-01   2.3066403e-02   2.0957920e-01  -6.4030968e-01   9.5668139e-02  -3.7919506e-01  -6.8720576e-03
  -7.6263699e-02  -2.0138854e-01  -6.5592625e-02   4.6782554e-01  -3.4906328e-01  -6.5870438e-01  -7.1964888e-01  -4.0713485e-02
  -1.9803424e-01  -7.1788094e-02  -2.7053128e-01  -1.4202602e+00  -3.6838265e-01  -1.4411693e-01   3.6321313e-01  -8.0279744e-02
   3.9210498e-02  -3.9901292e-01   3.4505565e-01   1.4039457e-01   3.9009330e-01   1.2141552e-01   1.7625817e-01  -6.7747679e-02
   1.1108636e-02   4.4446782e-02   1.8905408e-01  -5.6116459e-01   2.9957296e-01   3.5884319e-01   3.7272916e-01  -5.1324958e-03
   8.8407069e-02   1.8142170e-01   2.0488389e-01   5.8859263e-02   2.7648870e-01   3.4086750e-01   4.8582518e-01   4.3729832e-02
   2.3061050e-01   9.2261147e-02   3.3262337e-01   3.9479081e-01  -4.8378650e-01  -6.0797261e-02   2.4225567e-01   5.7856231e-02
  -2.6330701e-01  -3.9922611e-01  -5.8144441e-01  -4.6772219e-01  -3.3197455e-01   5.3383571e-01   3.6728391e-01  -1.2406280e-01
  -1.7549976e-01  -2.7347470e-02  -4.8505817e-01  -3.2876746e-01  -3.2207581e-01   1.5542068e-01  -1.3697460e-01   9.1133855e-02
   2.1138766e-01  -1.2887768e-01   6.9960680e-01   3.8210106e-01  -8.7036680e-01  -9.1457718e-01   2.3307051e-02   1.6215476e-01
   1.3768038e-01  -1.3629689e-01   5.4761563e-02   7.0355462e-01   1.9934478e-01  -8.9015357e-01   7.5767643e-01  -4.6348739e-02
  -5.2142589e-02  -2.3101271e-01  -5.0106970e-01   4.4282026e-02   4.9798169e-01   1.3301209e-01   1.4819714e-02   7.9004487e-02
  -4.0749897e-02  -2.9846197e-01   2.7066728e-01   4.4098622e-01   4.4935381e-01   2.8275271e-01   5.1178431e-02  -1.8996570e-02
   6.6716151e-02   5.6385321e-02   1.3730548e-01   6.1623353e-01  -1.0139746e+00  -6.9544027e-01  -6.8686216e-01   9.7348088e-02
   2.8008467e-01   6.4911508e-02   7.5005018e-01  -4.9027637e-01   1.3795389e+00   9.1019727e-02   5.6349233e-01   1.0410603e-01
  -1.8327168e-01  -2.2771055e-01  -6.3638061e-01   4.0505510e-02  -9.2926567e-01   8.0511223e-02  -3.8408227e-01  -4.3019575e-02
  -8.4527069e-02  -4.6301548e-02  -2.0013934e-03  -8.5391466e-01   6.3117491e-01   6.9715063e-01   3.6286650e-01  -1.7194568e-01
  -2.6918712e-01   2.9792202e-01  -1.4843788e+00   8.0161657e-02   2.3793696e-01   5.4624465e-02  -5.2564810e-01  -2.7212608e-01
   1.9642794e-01   5.6030375e-01   2.8606467e-01   1.1133798e+00  -6.9410826e-01  -1.0404630e+00   8.5242914e-01  -5.9207845e-02
  -3.3635443e-03  -1.0990885e-01  -2.0868752e-01   5.4065179e-01  -2.5436501e-02  -3.5315897e-01   2.5018798e-01  -1.5223341e-01
  -9.7537736e-02   1.4862281e-01   2.8672800e-01  -1.1196440e-01  -5.6557053e-01   5.3793869e-02  -2.9405920e-01   1.3570905e-01
  -5.5848058e-02  -2.5607255e-01   5.6058650e-04   7.8838697e-02  -4.0903380e-01  -1.1032048e+00  -1.0255913e+00   9.2912629e-03
  -3.0735804e-01  -2.3863929e-01  -3.7021462e-01  -1.0070769e+00  -1.3572263e-01   7.1306895e-02   4.3305118e-01  -3.5513852e-02
  -5.3659909e-03  -3.8760068e-02   1.2011405e-01   8.8698091e-02   7.4483151e-02   1.8397191e-01   3.6298692e-01   2.6799645e-02
   2.4069273e-01   1.3783012e-01   2.5857343e-01   2.6487135e-01   4.0812694e-01   6.3540968e-01   3.6122240e-01  -1.4741028e-01
   1.2422662e-02   1.2431773e-01   2.1426957e-01  -1.3876174e-01   2.0741539e-01   5.7672481e-01   4.8643580e-01   4.9728986e-02
   5.1287529e-02   2.6023986e-03   5.2599547e-01   1.8915365e-01  -1.0281172e-01  -3.0968131e-01  -1.6328438e-01   6.2394873e-02
  -6.0875188e-02  -4.2797318e-01  -3.1784562e-01  -2.8471956e-01  -4.2637663e-01   1.8757240e-01  -9.1664739e-02   2.0296006e-03
  -2.4370918e-01   1.5666722e-02  -4.4846591e-01  -1.2358120e-01  -4.8693890e-01   6.6191810e-01  -1.3835878e-01  -5.6484157e-02
   2.2284262e-01   2.0737076e-01   5.2712914e-01   9.2562769e-01  -1.2812168e+00  -6.3262688e-01   1.3052050e-01   1.4312822e-01
   2.4157788e-03   1.7546408e-01  -1.4249864e-02  -2.7622847e-02  -2.7798702e-02  -1.0073877e+00   1.3232667e+00  -7.3653336e-02
   1.4365760e-02  -7.4810639e-02  -4.4541052e-01  -2.3873796e-01   4.8076612e-01   2.0318137e-01   2.5715310e-01  -1.8071073e-02
   2.2003673e-01  -4.2230582e-01   2.7877349e-01   1.7429916e-01   1.8931703e-01   2.5479348e-02  -1.8132278e-01   1.9949745e-02
   1.1802994e-03   1.2618030e-01   1.2721119e-01   6.0622537e-01  -2.4218142e-01  -8.2115894e-01  -7.0412269e-01   4.3220609e-02
   1.3137165e-01  -1.6800489e-01   5.9939479e-01  -2.8066955e-02   1.4385302e+00  -1.6875134e-01   3.3236587e-01  -2.5734273e-02
  -1.8867741e-01   1.1644183e-01  -7.2245114e-01  -2.1833083e-01  -8.6523700e-01  -3.2250112e-01  -3.3518852e-01  -6.1922141e-02
   7.4830731e-02  -9.5854698e-02   3.4871204e-01  -6.3618877e-01   6.2746813e-01   1.1982028e+00   1.8500908e-01  -9.1254024e-02
  -3.6015246e-01   5.1365085e-02  -1.4128896e+00  -6.9688150e-02   8.1009260e-01  -2.2636213e-01  -5.3932048e-01  -2.7640305e-01
   7.1721827e-02   5.5981996e-01   3.9144236e-01   3.4277291e-01  -3.6563203e-01  -8.2352161e-01   6.4185985e-01  -1.5615092e-02
  -7.6095148e-02  -3.5582142e-01  -1.8950397e-01   5.1477256e-01  -2.0485235e-02  -6.1035774e-01   2.7875456e-01  -3.9997412e-02
  -1.3072979e-01  -3.2683831e-01   8.9993517e-02   2.3881645e-01  -1.6196087e-01  -3.5997873e-01  -1.3837537e-01   1.9891804e-02
  -4.1335399e-02  -2.2009792e-01  -2.7062895e-01  -8.4506425e-02   8.5515101e-02  -1.5698802e+00   9.0260094e-02  -1.2731536e-01
  -2.7922618e-01   1.9762407e-04  -2.6857015e-01  -1.5559669e-01   5.6636585e-02   2.5773132e-01   1.6222907e-01   1.1486542e-01
   4.6444132e-02  -2.5687305e-02   1.2761397e-02   3.3118275e-01  -3.8637238e-01   7.3867783e-01   4.7486232e-01  -5.9415175e-02
   1.3221067e-01   1.2883215e-01   3.7075772e-01   3.9739044e-01   1.9948767e-01   4.0527343e-01  -2.0168499e-01  -3.5092090e-02
  -3.0368027e-02   2.4415304e-01   3.1117021e-01  -2.2216128e-01  -2.0806359e-01   1.0287221e+00   3.2041421e-01   6.3044161e-02
   1.1470116e-01   1.6647370e-01   5.1600692e-01   3.2367122e-01  -4.5210628e-01   8.5362036e-02   6.6971339e-02   7.0198176e-02
  -5.2737405e-02  -3.3974877e-01  -6.6351998e-01  -1.8137746e-01  -2.4706057e-01   1.4301775e-01   2.7523191e-01   1.2539036e-01
  -9.3675686e-02   1.6948186e-01  -6.7304590e-01  -6.1674003e-01  -8.5746921e-01   4.4034983e-01  -2.5319379e-03   5.5512996e-02
   2.0470442e-01   1.3882574e-01   7.3709336e-01   8.7422474e-01  -5.9883816e-01  -7.7230704e-01   1.7831046e-01   3.0260607e-02
   1.3341932e-01   1.3285734e-02  -2.4481877e-01  -8.3461430e-02  -6.5517432e-01  -8.9479035e-01   8.8380632e-01  -9.2851897e-02
  -4.0653082e-02   1.2283191e-01  -2.4905112e-01  -1.4876784e-01   3.4350248e-01   9.3699019e-01   4.3059545e-01   1.0925404e-01
   1.3358409e-01  -3.5412758e-01   3.6816608e-01   5.4454583e-01   1.0564772e-02  -1.4723237e-01  -3.6105123e-01  -8.6476068e-02
   1.8456817e-01   8.9310931e-02   3.1408407e-01   7.3359709e-01  -1.6183790e-01  -1.0698570e+00  -6.0563447e-01   1.4011501e-01
   1.8338881e-01  -1.6068472e-01   1.0519699e+00  -3.1835000e-01   9.2775702e-01   1.0641395e+00   4.3642579e-01   5.9681320e-02
  -2.3851483e-01   1.4646683e-01  -7.0938327e-01  -4.9884638e-02  -8.3690164e-01  -4.0752461e-01  -2.7575572e-01   9.3862603e-02
  -9.4876297e-02  -2.2163459e-01   2.6118389e-01  -7.9817149e-01   3.4105320e-01   1.2394626e+00   3.3916671e-02  -1.2265335e-01
  -3.3232705e-01   1.0185702e-01  -1.4180407e+00   2.9882893e-01   5.4596398e-01  -2.2377884e-01  -4.3050126e-01  -3.6728385e-01
   1.1543498e-01   5.2454126e-01   6.3939087e-01   1.8659614e-01  -6.0183208e-01  -3.2403633e-01   7.3908976e-01   6.1901840e-02
   8.9645888e-03  -4.1792784e-01  -1.9676456e-01  -7.0283395e-02   2.3199694e-01  -4.6966295e-01   1.7129172e-01  -7.5081340e-02
  -9.3340959e-02   4.1680765e-02   1.3610192e-01   3.7672275e-01   5.3164758e-02  -3.2082955e-01   4.7842433e-02   7.2353189e-02
   7.7122660e-02  -4.9870278e-03  -5.2227133e-02   7.9735659e-01   2.0164758e-01  -1.4446221e+00  -2.2403034e-01   6.6251618e-02
  -3.0291330e-01  -3.9490801e-01  -5.6584427e-01  -6.5509632e-01  -1.6085745e-01  -9.7004417e-02   2.1960058e-01   1.7032576e-02
   3.8078731e-02  -1.5588906e-01   1.1836784e-01   3.0485702e-01  -2.3290925e-01   4.5808134e-01   1.8934997e-01   8.9343084e-02
   1.4005794e-01   2.2635821e-01   9.2656304e-02  -2.3283046e-01   3.7860585e-02   3.6149341e-02  -1.1731243e-01   2.5349061e-02
   3.3629050e-03   2.4368789e-02   2.2948070e-01   3.1972952e-02   1.6711070e-01   1.0620642e+00   4.5484966e-02  -7.3475410e-02
   3.8075412e-02   4.7965910e-02   4.6382852e-01   2.4973578e-01   7.5117339e-02  -5.6741267e-01   1.3671241e-01   1.8942117e-01
   1.2547070e-01  -5.3231586e-01  -1.8151377e-01   5.3145808e-01  -2.2113410e-01   2.7023706e-01   3.2663588e-02  -1.9117959e-01
  -9.2613260e-02   5.1964586e-02  -5.0767343e-01  -8.0336491e-02  -6.1066085e-01   2.1453354e-01  -1.9486805e-01  -1.1693250e-02
   1.2982388e-01   1.8981187e-01   4.2890484e-01   4.1503236e-01  -4.5771384e-01  -7.2409021e-01   5.5321563e-01   1.8372133e-02
  -1.4722614e-01   8.1575236e-02   4.1293311e-01   6.4207417e-01   4.0555486e-02  -4.8187915e-01   2.0478300e-01   6.3832156e-02
   5.4475753e-02   2.1416258e-02   1.9340085e-02   6.8692837e-02   6.6286671e-01   2.5273438e-01  -1.4079554e-01   1.9156835e-01
   4.6175535e-02  -3.5722877e-01   4.2023121e-01   4.9097211e-02  -1.3851835e-01   7.0409281e-02  -2.2558624e-01  -4.1484527e-02
  -4.0543878e-02  -7.4401951e-03   1.5178445e-01   2.8216607e-01  -4.3246347e-02  -5.5678672e-01  -2.6931235e-01   1.0236774e-01
   3.0418947e-01   1.4858317e-01   9.0206763e-01  -9.0908278e-03   3.2008737e-01   8.5285420e-01   4.0718647e-01   1.7977859e-01
  -1.9798334e-01  -6.4103094e-03  -1.0151154e+00  -8.2953706e-02  -9.4850235e-01  -8.0181199e-01  -3.1463240e-01  -1.3264896e-01
   1.3214073e-01  -5.3511908e-01   1.0360525e-01  -3.0984153e-01   4.5621209e-01   9.9065250e-01  -2.0094311e-02  -7.4154044e-02
  -4.7969722e-01  -2.2538478e-01  -1.4292546e+00   5.6800200e-02   8.6508673e-01  -7.7429359e-01  -4.0083891e-01  -9.4075337e-02
  -1.4116080e-01   2.4460587e-01   2.7086548e-01  -4.6355228e-01  -8.9456843e-01  -3.3921903e-01   3.7951273e-01  -5.6144379e-03
  -1.3263422e-01  -7.9186385e-02  -4.1314775e-01  -4.7625168e-01   1.3718025e-01  -2.2276029e-01   3.7538813e-01  -1.0857779e-02
  -4.0744195e-02   7.0114163e-02  -4.7492053e-02  -4.1904237e-01  -4.7445034e-01  -1.5590637e-01   5.4279032e-01  -6.1707284e-03
  -8.9387243e-03   1.3030695e-02  -3.7929564e-01   9.9402950e-01   8.6875823e-02  -1.5347892e+00  -6.2133063e-02  -4.6461314e-02
  -2.5395003e-01  -2.2985352e-01  -8.6074147e-01  -1.9432082e-01   2.2337300e-01   6.2311913e-02   4.9898285e-01  -6.1248728e-02
   3.0570969e-02   9.2052524e-02  -8.2861152e-02  -1.0069710e-01  -7.2351624e-01   5.7922164e-01   2.0146597e-01  -6.2110232e-02
   1.3563970e-01   2.1114542e-01   3.2970333e-01  -4.9589575e-02  -1.2371312e-01   8.5014131e-02  -3.3188011e-01   2.6079351e-02
   5.8234703e-03  -1.4364365e-01   4.4838434e-01  -2.6693362e-02   3.1363175e-01   8.8685253e-01   2.8888130e-01   9.1420789e-02
   9.0668283e-02   1.8348081e-01   8.3791118e-01   6.0916134e-01  -1.5173059e-01  -2.0608091e-01   1.8398578e-01   1.3559520e-01
   2.3633192e-01  -4.8377835e-01  -1.2182573e-01   6.8082101e-01   7.4088194e-02  -1.9002468e-01  -3.8332844e-01   2.3569663e-01
   5.9783038e-02   2.2953099e-01  -5.3571579e-01   2.0155033e-01  -9.3538698e-01  -1.2363866e-01  -1.8807182e-01   5.8296522e-04
   2.0836104e-01   3.4519322e-01   3.3956840e-01   3.2485638e-01  -1.1629262e+00  -5.4800942e-01   3.6909131e-01   1.0020989e-01
  -1.8744711e-01  -1.5241705e-01   1.2925301e-01  -2.1834533e-01  -3.2777675e-01  -2.3437666e-01   2.0312105e-01  -1.1115731e-01
   8.4759531e-02   1.7291674e-01  -4.2488612e-02   4.7452655e-01   4.0035608e-01  -5.6660940e-02  -2.3194384e-01   3.4501654e-02
   4.4718657e-02  -2.7702659e-01   2.8322905e-01  -7.6475923e-02   1.3277684e-01   1.0594860e-01  -1.0240524e-01   1.1855894e-01
  -3.7570972e-02   1.3646064e-01  -2.0994042e-01   4.6135484e-01  -2.0578381e-01  -5.3829456e-01  -5.5779424e-02  -1.6697160e-02
   3.1851595e-01   2.0799941e-01   7.4869916e-01   6.2340079e-01   6.6447674e-01   8.1141850e-01   3.4632130e-01   8.4710866e-02
  -2.0321189e-01  -2.6030714e-01  -1.0582923e+00  -5.3058747e-01  -4.6699722e-01  -1.4151784e+00  -2.4008019e-01   2.3188389e-02
   3.4807207e-02  -3.3160453e-01   1.3024774e-01  -1.5535210e-02   6.0555516e-01   8.8495749e-01  -3.5650549e-01  -2.0177532e-01
  -8.2472867e-02   8.3179199e-02  -1.2169835e-01   3.5967640e-01  -2.8486165e-01   5.4882231e-01   2.7249895e-01   1.1039275e-01
  -1.1370753e-02  -3.7618722e-02   3.1227700e-01  -2.7486733e-01  -2.7248458e-01  -3.8620913e-01   3.6618958e-01   7.8802023e-02
  -2.2977015e-01  -1.2810845e-02  -1.0621453e-01  -2.7109584e-01   4.0284949e-01   4.7118890e-01   4.5312722e-01  -2.0467841e-01
  -1.2542499e-01   2.9632238e-01  -4.3925522e-01  -4.5436596e-01  -6.1658457e-01  -1.9260950e-01   8.2246615e-01  -1.4274849e-01
  -4.0780713e-02   6.6096774e-02  -5.1457406e-01   5.1947934e-01   5.9864941e-01  -1.3901900e+00   5.6116513e-01  -2.0074944e-01
  -2.6532291e-01  -5.8856797e-01  -7.6045365e-01  -9.7868546e-01   1.5331182e-01   2.8445457e-02   5.2824764e-01  -1.0646993e-01
  -3.8394345e-02   8.2250101e-02   2.1271621e-01  -9.7862965e-02  -4.1670241e-02   4.8282544e-01   8.4711625e-02  -9.9403572e-02
   2.2386282e-01  -4.9942457e-02   1.9915976e-01   3.6559314e-01   3.6712788e-01  -4.1008116e-01  -4.5365024e-01   6.9887592e-03
   5.5006712e-03  -4.4968569e-02   2.8593458e-01  -6.6575778e-02   2.9943533e-01   6.2941811e-01  -6.4394491e-03  -2.2014300e-02
   2.0834658e-02   1.4094461e-01   8.8467905e-01   4.8673034e-01  -5.3831067e-01  -1.5706983e-01  -3.0670306e-01   1.2301452e-01
  -6.1160844e-02  -4.7258899e-01  -2.1138427e-01  -3.1378849e-01   2.6841588e-01  -2.0298060e-01  -2.3043450e-01  -4.4643360e-01
  -9.7308670e-02  -4.5776256e-02  -1.2165566e+00  -4.0702269e-01  -3.4828849e-01  -1.7633532e-02  -2.6197658e-01  -3.2975632e-02
   1.5456981e-01   4.1891676e-01   2.6694758e-01   5.7528402e-01  -1.2466977e+00  -3.2277306e-01   5.2119108e-01   2.8113591e-03
   3.7311776e-02  -8.2020511e-03  -1.1631813e-01   4.0483305e-01  -2.5055586e-01  -3.0575840e-01   1.1568850e+00  -8.6401335e-02
   2.5325146e-01   1.9953511e-02   5.2731692e-02   1.0613930e+00   5.6263056e-01   1.4188791e-02  -5.3960058e-01   1.0144596e-01
   8.3062408e-02  -9.5350430e-02   4.3079921e-01   2.7152618e-01   6.4758308e-01  -1.5853844e-01  -1.5467529e-01   4.4649912e-02
   7.7556566e-02  -5.6763853e-02   2.3473507e-01   5.7617938e-01  -2.8041972e-01  -7.8560934e-01  -9.5594034e-02   8.2101217e-02
   1.8619998e-01   1.8415565e-01   3.9921838e-01   2.8178507e-01   8.2459339e-01   5.4735018e-02   4.2231597e-01   2.4784480e-03
  -3.1726115e-02  -1.4283211e-01  -1.3178333e+00   2.6201257e-01  -1.4439052e-01  -7.8332231e-01   4.7557836e-01  -1.4994813e-01
  -1.4572063e-02  -4.8814477e-01   1.7336478e-01   3.9957851e-01   5.6496668e-01   8.9819966e-01  -6.6021272e-01  -8.8697805e-02
   4.3008913e-02   4.6092614e-02   1.3091447e+00  -3.4687792e-01  -5.3343004e-01   5.0048913e-01   1.4282363e-01   1.3799240e-01
   1.8830462e-01  -1.0636069e-01   1.7314529e-01   5.5037003e-01   5.7663346e-02  -5.9840788e-01   1.0061785e+00   2.0083710e-02
  -2.3641360e-01  -2.5424391e-01   1.0646924e-01  -6.4739158e-01  -3.3386817e-01   6.5295804e-01  -3.5204513e-01   1.3258285e-02
  -5.8481912e-02   8.0648564e-02  -3.0517800e-01   3.5724092e-02  -6.6931785e-01  -3.7578912e-02   3.9736556e-01   4.6490271e-02
  -1.7276319e-01   2.0308037e-01  -7.7589007e-01  -6.7669703e-02  -2.3185059e-01  -1.0657062e+00   2.3141944e-01   1.7078923e-02
  -4.6268181e-01  -1.1402964e-02  -7.4912805e-01  -5.5055245e-01  -1.0185679e-01   4.1409845e-01   3.2060184e-02   7.5485053e-02
  -2.3341061e-01  -1.5447899e-01  -7.2988410e-02  -4.1055843e-01   3.6405840e-01   5.5038545e-01   2.4935032e-01   8.6168753e-02
   3.6024127e-02   5.1004406e-01   6.4472236e-01  -6.9030122e-01   1.0396369e+00   2.3295682e-02   8.4928090e-02  -2.2087132e-01
  -8.1166005e-02  -3.4308551e-02   9.5753596e-02   8.8247857e-02  -2.5168362e-01   2.3508776e-02  -5.4002771e-01   1.5682910e-01
   1.7131616e-01   1.4964069e-01   5.1681657e-01   3.6060182e-01  -1.2582582e+00  -2.6287625e-01  -1.1317921e-01   1.0947919e-01
   2.1841808e-02  -3.9783748e-01  -3.7461306e-01   1.1026230e+00   9.8273081e-01  -4.5560324e-01  -5.7408202e-01   2.1696590e-01
  -5.9588109e-02  -4.3717759e-02  -6.7111617e-01   1.0180341e-01  -3.5929817e-01  -3.8546129e-01  -8.1472982e-01   5.1608886e-02
   1.6616103e-01   4.1620055e-01   2.7710841e-01   1.3071543e-01  -1.6843146e+00  -3.3727496e-01   3.8299940e-01   2.0809367e-02
  -1.9869712e-01   2.6699802e-01  -1.2204077e-01  -5.4838628e-01  -6.4191808e-01  -4.2853223e-01   5.9174216e-01  -1.7455423e-01
   6.3095825e-02   2.9967888e-02   2.1122264e-01   2.0656712e-01   1.8069006e-01  -4.3156118e-01  -7.1297650e-01   8.9443031e-04
   1.5408749e-01  -4.2473911e-02   1.1080413e-01   1.1246980e+00   6.0847306e-01  -2.3551834e-01  -1.4791615e-02   1.8022857e-01
  -1.1668440e-01   1.8908018e-01  -1.6950543e-01  -3.2379580e-01   1.4439418e-02  -2.4880871e-01   1.7389638e-01  -2.6885560e-02
   4.5338840e-01   8.5687570e-02   6.3037019e-01   5.8618805e-01   8.7937540e-01  -4.5223979e-01   1.4689734e-01   4.8700310e-02
  -1.7608238e-01  -1.6441969e-01  -6.3964300e-01  -4.2280700e-01  -3.1141557e-01  -5.7756935e-01   4.1452881e-01  -1.6862306e-01
   6.2007611e-02  -4.3695550e-01   2.9195696e-01   7.2636749e-01   1.0199250e+00   7.2747594e-01  -9.2239631e-01  -9.0664017e-02
  -1.5042151e-02   3.7059410e-02   9.4718269e-01  -5.7233858e-02  -2.5343779e-01   4.7856366e-01  -2.7576324e-01   2.9844187e-01
   1.7113374e-02  -1.1435856e-01   4.2324474e-02   8.9416092e-02  -8.7262170e-01   3.3858120e-01   7.2337929e-01   2.2339354e-02
  -1.5579240e-01  -2.7396040e-01  -1.2737406e-01   6.0961625e-01  -1.9064953e-01   4.0426055e-01  -3.4505800e-01   1.8607558e-01
  -1.8057215e-01  -1.5222817e-01  -8.5006643e-01  -4.0346701e-01  -9.0776857e-01   8.3242449e-02   6.7780250e-01  -1.0536365e-01
  -2.1412915e-01   1.2353994e-01  -5.2252723e-01  -5.7535311e-02  -1.9777056e-01  -6.1206425e-01   8.4033321e-01  -1.9410153e-01
  -4.8561006e-01   9.6948023e-02  -8.9258501e-01  -1.1469325e-01   1.7817448e-01   2.1404570e-01   4.2622960e-01  -1.2452427e-01
  -9.1817883e-02  -3.6412183e-01   2.6374577e-01  -1.1111549e+00  -3.9346407e-01   4.1657837e-01  -1.0042303e-01  -1.2449257e-01
   3.7735504e-02   2.1748594e-01   2.3533853e-01  -5.6193531e-01   9.9806859e-01  -2.6000470e-01   1.9979106e-01  -8.9391278e-02
  -5.0957226e-02  -1.2077190e-01   4.4261279e-01   1.4170551e-01   5.8210603e-01   1.7568374e-01  -1.1577432e-01   6.1273608e-02
   1.9671863e-01   7.2333930e-02   1.8220824e-01   4.6760314e-01  -6.1697998e-01  -1.1111459e-01   9.5438239e-01   1.3899839e-01
  -1.7416388e-01   5.3572113e-02   2.1895369e-01  -9.9531572e-01   2.1767396e+00   2.8017056e-01  -8.2724737e-01   1.8198257e-01
  -2.1833834e-01   9.4412321e-02  -1.2684728e+00   2.0419143e-01  -2.7385504e-02  -1.0176945e-01  -1.2609298e+00  -1.2201056e-01
   2.5212595e-01   4.9648362e-01   3.7416620e-02   9.0558363e-01  -1.2099126e+00  -7.6629987e-01   1.1576195e+00   1.1882983e-02
  -8.4265348e-02   1.2774362e-01  -3.3516972e-01   2.5722944e-01  -1.1180973e+00  -4.1501688e-01   8.7281030e-01  -7.3452190e-02
   1.1378069e-01  -2.8843296e-02   1.5135215e-01   2.8165976e-01   6.0774174e-01  -5.2829845e-01  -7.9492922e-01   1.3213134e-01
  -6.2216545e-02   2.0760806e-01  -8.1732966e-03  -3.7821398e-01   6.4411541e-01  -5.5098762e-01  -4.4040134e-01  -1.1229816e-01
   4.3243504e-02  -3.8464698e-02  -6.0458641e-02  -6.7772209e-03  -5.1148656e-01   6.9353919e-02   1.4936437e+00  -4.4980085e-02
   2.2740793e-01  -1.7574957e-03   6.6557866e-01   6.9921786e-01   8.3914253e-01  -4.2751545e-01  -7.2855348e-01   1.0502589e-01
   1.5471227e-01  -2.3976725e-01   6.2239254e-02  -9.4449817e-02  -1.3757921e+00   3.1739203e-01   2.2665966e+00   2.3919241e-03
   6.1841573e-02  -6.1699923e-01   3.9708145e-01   4.5624542e-01   1.2317467e+00   2.9732256e-01  -1.8920001e+00  -1.7274521e-01
  -5.7296929e-03   1.0479366e-01   6.3049668e-01  -1.4332914e-01   2.7458309e-01  -2.4703834e-01  -7.9635508e-01   2.8378965e-02
  -1.9182972e-02  -3.2279518e-01  -6.7272595e-02   8.0319076e-02  -5.5180996e-01   1.8721669e-01   7.9168923e-01   1.6436255e-02
   1.2975970e-03  -2.1916609e-01  -6.8816837e-01   3.1811329e-02  -9.4021320e-01   2.0285794e-01  -7.1887733e-01  -8.4390626e-02
  -1.5791767e-01  -3.2650057e-01  -8.5809119e-01  -1.4569043e-01  -3.0680729e-01  -3.3307556e-01   1.1853112e+00  -9.9434529e-02
   4.6126966e-03   3.4469965e-01  -9.2273238e-02   5.6785392e-02  -1.0829950e+00  -2.2500469e-02   2.4884746e+00  -1.1032219e-01
  -3.8489963e-01   2.5815523e-01  -5.9526100e-01  -6.2742246e-01   3.1184962e-01   4.2768919e-01   8.4382546e-02  -2.7896335e-01
  -5.1732044e-02  -3.9745284e-01  -2.4959044e-02  -3.8993312e-01  -6.8284163e-01   2.6178378e-01  -7.4390431e-01  -1.6420413e-01
  -4.3029966e-02   4.3801828e-01   2.7529260e-01   6.1446021e-01   8.0063052e-01  -7.2398652e-02  -9.7725152e-01   2.2762517e-02
   2.1445846e-02  -2.2060183e-01   4.5202190e-01   2.8757330e-01   5.3417695e-01  -5.3109106e-01  -5.8688958e-01   1.6859913e-01
   2.9186304e-01  -8.8941620e-02   5.9885911e-01   4.3712414e-01  -7.3603572e-01   4.9166213e-02   1.0360837e+00   2.1208095e-01
  -3.9939890e-01  -2.8348526e-01   2.0272669e-01  -1.8697581e+00   1.5059617e+00   5.1574923e-01  -5.4786812e-02  -3.4752037e-01
  -8.2160349e-02   2.6550814e-01  -7.1068441e-01  -1.2394022e-01  -2.9554487e-01  -1.1377035e-01  -8.0729706e-01  -5.7768974e-02
   1.9711369e-01   4.8241584e-01  -3.0021135e-01   3.9111673e-01  -5.8429509e-01  -1.0712229e+00   1.3155757e+00   2.2251904e-02
  -2.3018807e-01   1.2312884e-01   1.2824399e-01  -5.0432447e-01  -3.6357323e-01  -2.7160691e-01   9.3966257e-01   5.3252568e-02
   5.0854495e-02   1.2342953e-01   1.0875059e-01   4.7848431e-01   2.2094973e-01  -2.5524786e-01  -8.4721824e-01   1.2911561e-02
   1.1581287e-02   1.6449357e-02  -2.4081540e-02   5.6373419e-01   8.2730190e-01  -1.3799146e-01  -1.9132151e-01  -8.0150567e-02
   9.8256054e-02   4.8238172e-02  -2.5249019e-01  -8.2434117e-02  -9.7985658e-01   5.0346624e-01   1.0295392e+00   3.8624305e-02
   1.5055726e-01  -1.5737733e-02   6.9272646e-01   9.2310759e-01   1.2639979e+00  -4.6745355e-01  -6.5870621e-01   9.8935811e-02
  -5.3988814e-02  -9.2154704e-02  -4.6979833e-02  -2.1190637e-02  -8.6663770e-01   5.0373347e-01   1.8661329e+00   4.6944104e-02
   1.2410777e-01  -2.6443733e-01   2.6608014e-01   2.4108224e-01   6.4280601e-01   5.9322976e-02  -1.0314367e+00  -2.2054408e-01
   1.0121158e-01   1.7568797e-01   3.8004862e-01   2.8618550e-01   3.2625732e-01  -2.7346433e-02  -8.5147069e-01   7.3652403e-02
   1.7744070e-01  -1.7410889e-01  -7.0940385e-02   5.7647057e-02  -7.1656421e-01   1.7779156e-01   1.7480805e-01   1.8876893e-01
  -5.7563740e-02  -2.4149671e-01  -9.2387081e-01   8.6996268e-01  -8.0861078e-01  -1.0440943e-01  -9.4961145e-02   8.3186724e-02
  -1.7352287e-01  -4.5302227e-01  -6.0408251e-01  -1.2869579e-01   8.2956368e-03   3.8770437e-01   2.4884585e-01   6.1270336e-02
   1.6905198e-01   1.0112207e-01   6.5473979e-02   3.8538558e-01  -3.3868821e-01  -1.8695564e-01   2.4663535e+00  -9.6953428e-03
  -4.8766653e-01  -1.2299884e-01  -7.1833610e-01  -1.7311661e+00  -1.7632226e-01   1.0005037e-01  -3.9988221e-02   5.1922216e-02
  -1.6572056e-01  -4.1246910e-01  -1.3389241e-01   2.5827599e-01  -5.8170894e-01   2.2843198e-01  -7.9810871e-01  -1.0366778e-02
   4.3081119e-02   2.5862252e-01   3.4631115e-01   1.6156126e-01   1.6674736e-01  -2.2405205e-01  -9.4383735e-01  -3.5295922e-02
   2.2248635e-02  -1.1935670e-01   2.3376698e-01   5.1280786e-01  -5.5789452e-02  -5.2879780e-01  -7.1489829e-01  -6.4463761e-03
   2.9607512e-01   2.1243679e-01   7.2168264e-01   6.6248759e-01  -1.7026783e-01  -5.8203342e-01   3.2449902e-01   5.9744345e-02
  -2.5430925e-01  -5.5050480e-01  -2.2135146e-01  -1.1220583e+00   9.0543520e-01   5.4711170e-01  -1.2409529e-01  -7.2626552e-02
   2.5740321e-02   2.5464926e-01  -5.8220044e-01   4.5564366e-01  -2.7628037e-01   2.4053318e-01  -1.4176759e-01   1.5377898e-01
  -4.7252343e-02  -8.9484932e-03  -4.4684771e-01  -3.1746958e-01  -5.3515093e-01  -2.5040689e-01   8.6795061e-01  -4.0713360e-02
  -1.8433860e-01  -1.5504129e-01   2.1532439e-01  -4.2700719e-01  -8.9773412e-02  -1.7679545e-01   8.8422927e-01  -1.9508830e-01
   8.8664534e-02  -4.3530028e-03   3.7035585e-01   5.0498679e-01   6.3574198e-01  -6.2073394e-01  -5.8570806e-01   1.0493845e-01
   6.5243789e-02   2.7753174e-01   3.9673719e-01  -2.6049827e-01  -3.5849538e-01   9.9584473e-02  -1.1186743e-02  -2.0885583e-01
   1.0014019e-01   4.4983562e-02  -9.5700083e-02   1.6532526e-01  -4.6451508e-01   1.3734795e-01   2.2095854e-01   1.0759938e-01
   2.3747515e-01   8.2198709e-02   8.9956628e-01   7.5640976e-01   1.0738684e+00  -4.1619258e-01  -4.6129419e-01   7.8713120e-02
  -1.1643129e-01  -1.7730649e-01   2.2451754e-01  -2.5851298e-01  -5.1080813e-01   1.8798735e-01   1.3563146e+00   1.6822889e-02
  -1.6945048e-02  -3.0386122e-01  -1.3345290e-01   4.9311681e-01   3.5107687e-01  -2.1478852e-01  -8.0489119e-01  -9.1808023e-02
   1.9374459e-01   1.7653128e-01   9.0952137e-02   3.1383012e-01   8.0948781e-01  -7.7323734e-01  -3.3424917e-01   4.7987730e-02
   9.6027103e-02  -3.4936960e-01   1.6175476e-01   3.7825243e-01  -4.8011259e-01   5.1656892e-01   5.9009086e-01   1.9917914e-01
  -1.0392931e-01  -9.4415315e-02  -7.9642844e-01   4.8611079e-01  -5.5623974e-01  -5.2709156e-02   1.3324886e-01   8.2064774e-03
  -2.1827017e-01  -3.2074363e-01  -4.1340437e-01  -2.6647879e-01  -1.5686110e-01   1.6341477e-01  -6.9505344e-02  -8.8192342e-02
   4.1271739e-02   1.7937072e-01  -2.4807011e-01  -1.6320230e-02  -7.0677510e-01   3.9573620e-02   2.0455559e+00   7.1920077e-03
  -3.4935594e-01   8.5268662e-02  -7.7653472e-01  -6.5202436e-01  -2.7546560e-01   1.2268367e-01  -9.0543082e-02  -2.4967231e-01
  -1.4447893e-01  -2.2987687e-01  -6.5755858e-02   6.5042347e-01   1.2417447e-01  -1.2241794e-01  -6.2712488e-01   7.2641904e-02
   8.9727155e-02   5.1780028e-01   6.5649072e-02  -5.0796919e-02  -7.4939103e-03  -3.2862999e-01  -4.3098391e-01  -8.4666347e-02
   2.9816865e-02   2.1223608e-02   1.4698878e-01   2.4866072e-01  -3.3699999e-01  -6.8004286e-01  -7.0018832e-01  -1.0097346e-02
   2.7046129e-01  -4.9709498e-02   8.8051690e-01   4.6491861e-01  -7.0108100e-01  -1.2916814e-01   2.4868145e-01   1.8032496e-01
  -2.5203886e-01  -5.8303859e-01  -6.3664909e-01  -3.5529819e-01   6.6504212e-01   3.9000470e-01  -3.3456843e-02  -1.4619302e-01
  -3.7990225e-02  -1.3463886e-02  -5.4455058e-01   3.2510836e-01  -2.1030711e-01   1.8881099e-01  -3.9752604e-02  -9.9190986e-02
  -5.2182147e-02  -1.1673451e-01   4.1124382e-02   1.2254360e-01  -6.2270522e-01   1.6488344e-01   1.0595569e+00  -5.4553876e-02
  -2.3449648e-01  -6.4019364e-02  -2.6358764e-01  -5.5886687e-01  -2.8165019e-01  -4.0615411e-02   5.7119433e-01  -7.7859087e-02
   3.3548128e-02   1.9397846e-02   8.9002358e-02   7.1002615e-01   6.0373194e-01  -3.9103631e-01  -3.5953558e-01   1.0266953e-01
   3.3296916e-02   1.9819831e-01   1.1947312e-01  -1.7322412e-01  -1.4967770e-01  -2.2223103e-02   8.9920025e-02   1.8869248e-02
   7.1443287e-02  -1.1899511e-01  -2.3014293e-02   6.8040093e-02  -3.6009794e-01   3.3747046e-01   4.3482200e-01   8.4463003e-02
   1.8991011e-01   1.7865460e-01   8.5305057e-01   3.3744988e-01   6.1938150e-01  -3.2707960e-01  -6.5260681e-01   7.5554897e-02
  -8.9777913e-02  -2.0149210e-01   2.7210674e-01  -1.8262509e-01  -6.5470600e-01  -1.7350544e-02   7.6987256e-01  -2.1700287e-02
   9.3944695e-02   7.9817049e-02   4.0065326e-02   3.2488356e-01   5.6527715e-01  -4.0109245e-01  -5.2720963e-01  -1.3042959e-01
   1.7969323e-01   2.0036068e-01   7.2438876e-01   4.5033618e-01   6.5989732e-01  -7.6658661e-01  -3.5324963e-01   9.7128276e-02
   8.8591054e-02  -3.8371198e-01  -2.5605940e-01  -3.1889037e-03  -4.0901745e-02   1.0328425e-01   9.8819843e-01  -1.5506470e-02
  -1.8643498e-01  -2.0372844e-01  -6.9533320e-01   1.7900954e-02  -6.0392104e-01   1.1751439e-01  -1.6760516e-01   5.5706003e-02
  -2.0162584e-01  -2.9352527e-01  -5.9286337e-01  -2.2142809e-01  -4.5082291e-01   1.2933475e-01  -2.0179789e-01  -1.6095009e-01
   8.3005173e-02   6.3155283e-02  -9.8002260e-02   3.5374681e-01  -8.6664090e-01  -1.9773289e-02   7.4104346e-01   4.4583729e-02
  -2.7239838e-01  -8.2418003e-02  -9.2826720e-01  -3.2902446e-01  -3.0803352e-03   2.9892936e-03  -1.9793248e-01   1.8020162e-02
  -1.4188671e-01   1.6183504e-01  -5.7717270e-02   4.1815332e-01  -1.9450891e-01  -3.8714708e-02  -2.8891344e-01  -4.7142037e-02
   7.2206539e-02   2.2286435e-01   1.5395903e-01  -3.4782530e-01   2.3284235e-01  -2.2295792e-01  -2.1318555e-01  -6.6953908e-02
   3.4113749e-02   1.3098703e-01   4.1436950e-01   3.8598814e-01   7.4476450e-03  -4.4575720e-01  -5.8515103e-01   1.2617454e-01
   2.7511087e-01   1.9250524e-01   8.9631522e-01  -2.0526594e-02  -5.6996341e-01  -1.4307687e-01   4.4669141e-01   3.6947627e-02
  -1.7898992e-01  -2.6122654e-01  -2.9845371e-01  -9.4780202e-01   2.9062134e-01   4.1451816e-01   6.8986259e-02  -6.5674972e-03
  -3.4306205e-02   3.0327476e-01  -1.0049372e+00   6.4336822e-01  -2.3979482e-01   7.2063928e-02   1.6375400e-01  -1.1623047e-01
   8.6166498e-02   2.5320782e-03  -1.8062443e-02  -6.3844427e-02  -7.8994381e-01   5.7036057e-02   2.3379112e-01  -9.6783581e-02
  -2.1471809e-01  -7.5215909e-02  -1.9813108e-02  -4.0731717e-01  -5.4835791e-02  -1.6492377e-01   3.0182539e-01  -4.4811923e-02
   8.9131336e-02   2.8422019e-01   3.0095236e-01   3.4554664e-01   3.0977969e-01  -6.8842882e-01   8.2827354e-02   2.0393560e-02
   7.4210254e-02  -3.1591963e-01  -1.1201653e-03   4.7441088e-01   1.2643683e-01   2.9149825e-01  -1.1722899e-01   1.7314061e-02
   6.8312787e-02  -1.0767318e-01  -2.3807194e-03  -4.4138936e-02  -6.8093711e-01   3.0550676e-01   2.6416031e-02   1.3002686e-01
   1.6131596e-01   4.8307134e-02   6.6249025e-01   4.3096379e-01   4.7419101e-01  -3.5005564e-01  -6.7047237e-01   1.6872877e-01
  -7.7477368e-02  -7.2550334e-02   2.1616978e-01  -1.9793142e-01  -4.1794106e-01  -5.3313462e-01   7.1029611e-01  -1.1953858e-01
  -6.7119872e-03   5.8178086e-02  -1.5295922e-01   2.8924694e-01   5.2769708e-01  -5.1917708e-01  -3.8756863e-01   1.4130853e-02
   2.2296513e-01   2.5422103e-02   5.6254431e-01   4.7450745e-01   1.0685604e+00  -5.4773937e-01   4.8999798e-02   5.1519711e-02
   5.6537066e-02  -2.0474630e-01  -8.1920861e-02  -1.6341263e-01  -5.5194010e-01   3.5631706e-01   5.9264770e-01  -1.9172227e-02
  -1.9666465e-01  -1.0379207e-01  -5.7569903e-01   1.4594999e-02  -6.0755057e-01   5.0852889e-01   6.1204739e-02  -7.9254245e-02
  -2.5672013e-01  -1.1505235e-01  -3.4695858e-01  -2.1731447e-01  -1.9416803e-01   5.0872178e-01   3.7661898e-01   4.3588359e-02
   1.0319332e-01   8.0876540e-02  -4.1682755e-03   7.9575446e-01  -2.4097843e-01  -3.1047322e-01   5.9072579e-01   4.6063470e-02
  -3.0734907e-01  -3.0300223e-01  -8.3368939e-01  -4.7470545e-01  -3.0614205e-01  -1.5578426e-01  -1.7895851e-01  -8.5168576e-02
  -1.8574958e-02  -3.6892140e-02   4.5506437e-03  -1.9599677e-01  -2.3013844e-01  -3.7364123e-01  -2.2819819e-01  -2.3402920e-02
  -4.9387747e-02  -2.3746326e-02   8.3462660e-02   4.7698891e-01   2.2526460e-01   8.4956138e-02  -2.5689534e-01   8.3206125e-02
   1.1341645e-01   3.3285412e-01   3.1893001e-01   4.5472278e-01   3.7658827e-01  -8.1004874e-02   1.8124381e-01   6.1474591e-02
   1.4328280e-01  -2.5449303e-02   4.9910180e-01  -4.4283855e-02  -5.3401862e-01  -7.6359884e-02   2.6324344e-01   1.2906330e-01
   1.1723252e-01  -3.6328506e-01   8.2949274e-02  -1.0889831e+00   5.8885899e-02   1.0823024e-01  -1.2868952e-01  -1.4914704e-01
  -9.8870107e-03   1.1566246e-01  -8.8035817e-01  -8.0807575e-02   2.5365465e-01  -5.9265430e-01   8.3085185e-02  -1.1819398e-01
  -8.3541368e-02   1.9732024e-01  -3.5317294e-01   2.3447218e-01  -3.7370313e-01  -8.7429710e-02  -6.6692360e-02   2.8474105e-02
  -2.1841062e-01   8.5216016e-02   5.3093518e-03  -2.0882272e-01  -4.4274457e-02   1.2579505e-01   7.1896702e-01  -9.1103216e-02
   1.4136131e-01  -1.3298187e-01   2.8828677e-01   8.1949148e-02   3.5220883e-01  -8.7527967e-01   6.4358522e-02   4.2987400e-02
   5.4570607e-02  -6.6870054e-02   8.4222764e-02   3.3089278e-01  -6.4387753e-02   1.7599213e-01  -9.7892655e-02   1.7484738e-01
   1.2916972e-01  -1.9439602e-01   1.9391189e-01   3.1229354e-01  -6.4421980e-01   1.4132124e-01   4.2676884e-02   5.1459661e-02
   1.9261238e-01   5.4187743e-02   6.7138407e-01   5.8104974e-01   6.7375183e-01  -2.3012287e-01  -4.1947351e-01   8.2621125e-02
  -1.2128055e-01   6.4318756e-02   2.5982456e-01  -3.9426816e-01  -4.4255930e-01   4.7661106e-02   1.1028255e+00   7.3998754e-02
  -2.1402298e-01   8.4510070e-02   9.8825036e-02   4.6912370e-01   5.4590135e-01  -4.5773169e-01  -4.5068534e-01  -2.0518528e-01
   2.5579999e-01   2.5213242e-01   4.7670714e-01   4.8153730e-01   5.6751499e-02  -7.2757663e-01  -2.9013178e-01   2.8346602e-02
  -3.7269035e-02  -4.0172057e-01  -2.4865358e-01  -3.8571964e-01  -7.0846139e-01   4.0520231e-01   4.9790567e-01  -1.0847114e-01
  -1.6820875e-01  -3.4599351e-01  -8.2431482e-01   6.9820870e-02  -1.0612935e-01   1.7335102e-01  -7.8025400e-02  -5.8504486e-02
  -1.7554729e-01  -1.3706423e-01  -1.3379048e-01  -2.2777421e-01  -2.4575264e-02   3.3287741e-01  -3.0540745e-01  -1.4390659e-02
   1.2803005e-01  -2.7968343e-01   1.7454954e-01   7.5746354e-01  -6.2285339e-02  -7.4927911e-02   6.3364148e-01   1.0399187e-01
  -2.0000837e-01  -2.7310258e-01  -4.7749665e-01  -4.8398467e-01  -3.5780904e-01   1.3283837e-01  -4.4545043e-01   6.1499568e-02
  -9.4426387e-02   2.1102074e-01  -9.5829831e-02  -8.3394376e-02  -3.0201649e-01   2.3978451e-02  -1.5167791e-01  -4.3080397e-02
   1.4567045e-02   2.6398236e-01   1.0733421e-01   5.5008531e-02  -3.1539896e-01  -1.0371814e-01  -2.6687446e-01  -2.7902591e-02
   1.8979977e-01   2.7464688e-01  -9.7143147e-02   4.9059076e-01   1.7040759e-01  -4.5607267e-01   3.2574161e-01  -2.7861004e-02
   3.7379621e-02  -1.2490316e-01   2.3528014e-01   3.4694480e-01  -2.7262134e-01   2.0223487e-01   9.4397602e-01   9.5094427e-02
  -7.6833351e-02  -1.1641552e-01   2.1932236e-01  -2.2515069e-01   2.4916360e-01   3.0336776e-01  -2.4058714e-01  -1.3934392e-03
  -1.0257406e-01   1.5287580e-01  -1.0835207e+00  -3.7853098e-01  -3.5599275e-01  -3.0858826e-01  -4.6933346e-02  -1.5145634e-01
   1.2336350e-02  -1.1609796e-01  -3.2232862e-02   1.6113885e-02  -2.7504745e-02   1.0046998e-01   3.5704760e-01  -1.1657302e-01
  -1.9259509e-01  -2.4878487e-01   2.2632023e-01  -2.1668202e-01  -2.5747323e-01   2.8675324e-01  -2.1778774e-03  -1.2692179e-01
   6.1058290e-02   1.7648776e-01   3.8131624e-01   4.8501961e-02   3.1488433e-02  -5.3411689e-01   4.8024749e-02   2.3940059e-02
   1.1537812e-01   1.3553969e-01   3.7971327e-01  -4.0170606e-01  -5.3609363e-01   2.0626913e-01  -6.7459707e-02  -6.2184230e-03
   1.2524003e-01   5.5987753e-03   1.3098991e-01   5.7295587e-01  -4.6894740e-01   1.3026484e-01   1.3033017e-01  -3.6087388e-02
   1.6876418e-01   2.7114277e-01   3.8921845e-01   1.0488866e-01  -1.7640705e-01  -3.9695537e-01  -1.3398726e-01   9.6040131e-02
  -9.9285778e-03  -2.3380545e-01  -2.9066592e-01   2.5646951e-01   2.0086693e-02   1.7956234e-01   7.9046468e-01  -7.0361123e-02
  -1.1923140e-01  -2.5514516e-01   1.9419759e-01  -9.9612188e-02   2.4249644e-01  -5.1335300e-01  -3.3999717e-01  -2.0328279e-01
   2.0248521e-01   2.8929174e-01   1.5560657e-01   7.8292627e-01   3.6797047e-01  -8.3939746e-01   2.5539738e-01   1.6444852e-02
   7.6496871e-03  -2.1580575e-01  -1.0889200e-01  -7.3224551e-01  -4.4524064e-01  -2.8020085e-02   4.4770370e-01  -6.4340417e-02
  -1.0450244e-01  -2.4095958e-01  -5.9372551e-01   3.2043939e-01   3.7817108e-01   2.3849630e-01  -1.8948038e-01   1.5302742e-01
  -2.4483562e-01  -3.5829667e-01  -4.8687725e-02  -9.8799064e-02   5.0713263e-02   2.3805634e-01  -4.0947641e-01  -7.6679781e-02
   1.6707544e-01   2.5817564e-01   4.5760847e-02   5.9192428e-01  -4.7000610e-01  -2.5049146e-01   5.3583181e-01   6.3698409e-02
  -1.6540458e-01  -4.0039365e-01  -6.3426800e-01  -3.6298551e-01  -6.6611669e-02   2.8084223e-01  -4.4752777e-01  -1.4169195e-02
  -1.9390956e-01  -5.6557106e-02  -1.0518426e-01  -4.5692863e-02   1.4678317e-01   6.9544490e-03   1.2512362e-01  -2.6928386e-02
   8.1515907e-02   1.7412088e-01   8.2356807e-02   3.7998346e-01   3.8683361e-01  -3.4042132e-01  -2.3845894e-01   6.0842604e-02
   2.9075881e-01   2.0703117e-01  -1.6366274e-01   5.9870141e-01   8.1355752e-02  -5.3684786e-01   2.1409668e-01   6.1993793e-02
   8.3647096e-02  -6.9037389e-02   1.7620456e-01  -2.2891182e-02  -2.8779300e-01   1.0010231e-01   8.4503586e-01   2.2373235e-02
   7.2511979e-02  -3.7397196e-01   2.2459114e-01  -1.2570863e-01   2.7798070e-01   4.8263112e-02  -2.2359604e-01  -9.4165291e-02
  -1.1664805e-01   3.2672118e-01  -8.1641214e-01   1.3610692e-03  -6.1992038e-01   5.7771347e-02  -2.9709364e-01  -6.7437852e-02
  -2.1987120e-02  -1.3432146e-01  -4.0007198e-02  -1.0923392e-01   7.9782485e-02   1.1298816e-01   6.4614556e-01  -5.6404653e-02
  -1.9949959e-01  -1.6323388e-01   3.0443213e-01  -4.5400435e-01  -2.7506596e-01   2.1465526e-01  -5.5784295e-02  -7.4095820e-02
   1.5949890e-01   2.2066147e-01   4.1910709e-01   7.3213204e-02  -1.4960107e-02  -7.5828983e-01   5.9018467e-02   2.7209840e-01
   2.1391045e-01   2.5817189e-02   1.7598766e-01   5.2821476e-01   1.7842208e-01   1.4373917e-03   1.3450471e-01  -1.1297532e-01
   6.4206918e-02  -1.4175964e-01   2.3975890e-02   2.6028746e-01  -1.9231311e-01   2.1529694e-01  -1.4310583e-01   3.0142671e-02
   1.6629435e-01  -9.3436849e-02   5.3821925e-01  -8.0102507e-02  -3.8531288e-02  -6.7830987e-01  -1.5727685e-01   1.2180579e-01
  -2.2684645e-01  -5.7856656e-01  -2.9956079e-01  -9.3378941e-02   6.0408883e-02  -1.4797363e-01   5.9009237e-01  -4.7830228e-02
  -1.6186849e-01   3.6825718e-01   5.2039762e-01  -3.1142195e-01   2.3737221e-01  -1.0245898e+00  -9.2857025e-02  -9.3618960e-02
   9.3235505e-02   1.4638820e-01  -6.1234551e-02   7.9229588e-01  -1.8673671e-02  -7.4134691e-01  -2.6207436e-02  -2.2691257e-03
  -1.2823660e-01  -2.7063211e-01  -2.4687050e-01  -4.8712592e-02  -2.4320492e-01   4.3633038e-01   2.0310270e-01  -1.0016008e-01
  -1.0349343e-01  -2.2209244e-01  -5.4110786e-01   3.7125776e-02  -5.8087271e-03   5.5052131e-01   3.0570506e-03   6.9027303e-02
  -1.3238285e-01  -1.6172315e-01   2.7373782e-01  -3.1229776e-02  -8.4693208e-01   8.4176678e-01  -4.7622865e-01   9.6224844e-02
   5.7068284e-02  -1.5137771e-01  -1.4608861e-01   8.7308237e-01  -1.1169387e-01  -7.5722554e-03   8.6109289e-01   9.5108472e-02
  -2.3015145e-01  -1.7663427e-01  -4.7891072e-01  -4.2081586e-01  -1.3894268e-01   2.8277818e-01   2.6635045e-02  -1.5236947e-01
   4.0891207e-02   3.0716953e-02  -2.0151223e-01   6.6239593e-01   6.4749911e-01  -3.0385323e-01  -2.2129574e-02  -3.0974005e-02
   1.1974193e-02   4.9545487e-01   2.7912167e-01  -7.5910778e-02  -5.6213192e-01   6.7716313e-03  -1.8331229e-01   2.6930141e-02
   2.1849101e-01   2.7685145e-01  -6.2165213e-02   4.0557808e-01   3.2287114e-01  -7.0837314e-01   1.6016162e-01  -2.0616343e-02
   9.5003711e-03   3.7997639e-02  -9.6143779e-02  -3.6621135e-01  -1.1855249e-01  -2.7820805e-02   9.5365920e-01   4.7585028e-02
  -1.0507584e-01  -6.0182578e-02  -6.9100623e-02  -2.1414965e-01  -3.0530183e-01   9.8693517e-02  -1.4929752e-01  -8.9047352e-02
  -1.8901587e-01   3.4503945e-01  -5.7379719e-01  -2.2890127e-01  -4.3094608e-01  -2.1017203e-01   1.1061655e-01  -2.3416206e-02
  -1.1776129e-01  -1.9702060e-01   6.2018767e-02   1.3011740e-01  -1.6077349e-02   1.7333771e-01  -1.6509728e-02  -8.2427495e-02
  -1.0342842e-01   2.2793319e-02   3.2365970e-01  -3.5560887e-01  -3.4251203e-01   9.9328355e-02   1.2902450e-01  -6.6772373e-02
   7.9272671e-02   3.0498606e-01   7.0284682e-01   6.7268183e-01   3.2880277e-01  -3.6868593e-01   6.8337997e-02   9.9034805e-02
  -2.0406660e-02   2.9203760e-02   1.9371935e-03   3.4148819e-01  -1.3913125e-01  -2.4527427e-02   1.6892368e-01  -2.4659123e-01
   1.5876552e-01   2.5263264e-01   1.7042217e-01   1.9797418e-01  -5.5626532e-01  -1.8793061e-01  -1.6410075e-01   5.9932851e-02
   1.2960143e-01  -3.9904406e-01   6.2303223e-01   5.0882919e-01   2.6454184e-02   1.1616806e-01  -8.1517867e-02   2.6561887e-01
  -1.2785635e-01  -2.6200396e-01  -4.6319637e-02  -4.9101287e-01  -4.4124663e-01   2.7589968e-01   7.6414526e-01   7.2543186e-02
  -7.7272368e-02  -1.3600818e-01   1.5608245e-02  -1.7667083e-01   3.5229718e-01  -8.1648180e-01   2.8315107e-01  -2.1838373e-01
   6.8025060e-02   7.8944994e-02  -1.9631258e-01   6.8126266e-01   2.1854905e-01  -7.4657052e-01   1.2796471e-01   1.4645217e-01
  -8.1406062e-02  -4.7109264e-01  -3.0825438e-01  -1.5277465e-01  -3.4074429e-01   3.1546517e-01  -2.6267854e-01  -6.0157192e-02
  -9.8680053e-02  -3.9204671e-01  -5.7754838e-01  -3.2541897e-01  -1.2791775e-01   2.7269385e-01  -3.0194224e-01  -1.8626190e-02
  -4.6987713e-02   1.2043771e-01  -2.3073051e-01  -1.7002115e-01  -3.4546172e-01  -1.4468729e-01  -4.4753976e-01  -7.8486829e-02
  -4.1686770e-02  -2.7180344e-02  -3.6658281e-01   3.1380997e-01  -1.9067245e-01   1.5290379e-01   6.9949323e-01  -4.7424343e-02
  -1.8353251e-01  -3.4154336e-01  -7.3001406e-01   5.3836018e-02   1.8724034e-01  -3.9353234e-02  -7.6725079e-02  -2.3973357e-02
   1.6596337e-02   5.3957122e-03  -5.7491500e-02   4.4107843e-01   5.6752543e-01   5.0966571e-02   4.8074502e-02   1.4079471e-01
   2.5099801e-02   8.9469703e-02   2.3547950e-01  -6.6148704e-02  -2.0021689e-01  -4.3736091e-01  -2.1580365e-01  -3.7391313e-02
   1.7369734e-01   3.2315551e-01   3.9481594e-01   4.0867581e-01   2.5096440e-01  -4.7196708e-02   3.0533734e-01   1.2335923e-02
   1.2525748e-02  -1.1416390e-01   2.6328265e-01  -1.5485950e-01  -2.2062869e-03   1.7008822e-01   6.9035045e-01   1.1057338e-01
   1.0517623e-02  -1.0381835e-01  -1.6162091e-02   2.2957927e-01  -1.2076885e-01   2.3693989e-01  -1.6365114e-01   7.1314831e-02
  -1.4684777e-01   5.0790888e-02  -4.1697755e-01  -4.4857642e-01  -3.9305703e-01   1.3672825e-02  -1.4059188e-01   8.2690440e-02
  -1.3789888e-01  -3.8849332e-01   1.1439637e-01   1.8612880e-01   7.2989205e-02   4.8031453e-01  -9.0432752e-02   1.8874137e-02
  -5.1014862e-02   2.0121134e-02   4.6005458e-02   2.4039661e-01  -4.4094483e-01   2.4360296e-01  -7.9629430e-02  -4.6611486e-02
   5.2038387e-02  -3.7192269e-02   3.8597463e-01   3.9788228e-01   8.2335047e-02  -5.2848772e-01  -1.6327802e-01   2.2980435e-02
  -7.9890985e-03   2.2576807e-01  -1.0547234e-01   3.2844679e-03  -1.1244249e-01  -2.0754927e-01   5.2819174e-01  -9.2494471e-02
   5.7439285e-02   3.4444659e-01  -2.6425072e-01   5.4794185e-02  -6.3522295e-01  -2.4100067e-01  -3.0774449e-01   6.9606994e-03
   1.4840011e-01  -1.0860072e-01   6.4207486e-01   3.9715907e-02  -9.6722962e-02  -3.2243064e-02  -8.3094466e-02   1.6547843e-01
   7.2216544e-02  -2.5404889e-01   3.1038962e-01  -6.9729214e-01  -1.5796712e-01  -2.4019524e-01   7.2615888e-01   2.6854547e-02
  -2.3020471e-01   1.4983512e-01   4.0051969e-01  -3.0681628e-01   2.7631680e-01  -8.3582074e-01   4.6745952e-01  -6.4997888e-02
   5.8088539e-02   4.3489496e-01  -1.0658399e-01   5.2164743e-01   1.5861295e-01  -4.6956303e-01   3.7609772e-01   4.6120644e-02
  -1.0958060e-01  -1.5490305e-01  -8.4257915e-01   2.2111022e-03   2.4541933e-01   1.2709983e-01   1.6189734e-01  -1.1308502e-01
  -1.1849250e-01  -2.0353988e-01  -3.3053979e-01   2.6643380e-02  -6.3905776e-02   5.8247922e-01  -3.9069958e-01  -7.4235565e-02
  -1.3423518e-01   3.8454882e-02  -9.7667050e-02  -2.2634651e-01  -2.5699418e-02  -7.7524366e-02  -2.7604837e-01   9.1086035e-03
  -2.9620205e-02   4.9027133e-02  -1.5760670e-01   5.8934294e-01  -4.6988717e-01   2.3695428e-01   2.7625927e-01   2.3397038e-02
  -5.8328853e-02  -1.0969178e-01  -4.9427416e-01  -4.3807933e-01   3.9349618e-01  -2.6532459e-01   6.0122788e-02  -3.7497934e-02
   5.5215403e-03  -5.0327682e-03   3.7766398e-02   3.3246216e-01   1.6767003e-01  -6.4224580e-02  -1.2307028e-02  -2.9899347e-02
   7.5861750e-02   1.1717119e-01  -2.1872799e-01   4.5135975e-01  -2.8931712e-01  -4.9294001e-02   4.7299777e-01   5.1758448e-03
   1.2550959e-01  -4.8418521e-02   1.6003813e-01   2.8063902e-01  -4.4641431e-02  -3.8165421e-01  -1.8780357e-01   4.8393111e-02
   5.9723274e-02  -1.0879260e-01   4.6021580e-01   1.6393989e-01   1.1343012e-01   2.3234064e-01   6.4818898e-01   1.0256980e-01
  -1.6410866e-01  -1.3648635e-01  -6.3236916e-02  -2.7068033e-01  -4.9805141e-01   2.1718009e-01  -2.6193346e-01   1.6085199e-01
  -1.8684122e-01  -1.1894330e-01  -8.7956705e-01  -7.0654449e-01  -2.7440788e-01   3.6552029e-02   2.8678893e-01  -1.2108636e-01
  -7.6685930e-02  -4.1389232e-01   4.8251745e-01   9.3960324e-02   6.6837461e-01   2.0229150e-01  -3.4498798e-01   2.7933893e-02
  -3.3852022e-02   1.5186116e-01  -3.2680025e-02   7.9005814e-02  -1.4351238e-01  -1.8080337e-01  -2.0507162e-01  -1.6722600e-01
   9.6860566e-02  -2.8174701e-02   4.8821288e-01   4.2667288e-01   1.0123265e-01  -1.7353797e-01   2.2531793e-01   2.3621989e-01
  -1.3920473e-01   2.6301168e-01   1.0148704e-01   1.9026713e-01  -2.7167889e-01  -2.7879241e-01  -1.9413514e-02  -3.0620160e-03
  -6.2609983e-02   2.6371060e-01  -1.2144276e-01   5.7994685e-01  -4.6079135e-01   1.2784377e-01  -2.0905535e-01  -4.4131997e-02
   1.4906553e-01  -5.5082297e-02   3.6833107e-01  -5.9194830e-02  -2.6257889e-01   4.3273634e-02   7.4627314e-01   5.5734987e-02
   7.4949715e-02  -1.5949718e-01  -1.7997605e-01  -5.3903942e-02  -1.5907757e-01  -1.6673082e-01   9.4196976e-01   1.5849547e-01
   4.7196597e-02  -2.3834041e-01   2.9168387e-01   2.1980837e-01   3.8888055e-01  -5.4591432e-01   8.8599468e-02  -8.9116785e-02
   1.6666876e-01   2.6003932e-01   4.6104532e-01   2.8467746e-01   7.4559463e-02  -3.4097353e-01   2.9384227e-01   1.4168771e-02
  -1.4661515e-01   1.8344697e-01  -7.0463939e-01  -2.2694228e-01  -1.9026221e-01   5.2436083e-02  -1.5033450e-01  -3.6782992e-02
  -1.5031070e-01  -5.8073370e-02  -1.7401960e-01   5.7889948e-01   2.3146839e-01   3.4729977e-01  -6.7368433e-01  -6.3573112e-02
  -5.6723456e-02   1.3783941e-01  -3.3201363e-01   3.6082479e-01   2.1835884e-01  -3.5858742e-01  -1.1735032e-01  -9.7836414e-03
  -3.9082726e-02   4.1880649e-02  -2.5809325e-01   4.3865269e-01  -6.6594807e-01   3.1260014e-01   7.1978641e-01  -2.9214817e-02
  -1.6724883e-01  -2.4226838e-01  -5.5281252e-01  -6.4753089e-02  -6.3088265e-02  -9.8756483e-02  -4.2730005e-01  -1.3219432e-01
  -5.0164470e-02  -6.6264783e-02   7.8272367e-02  -6.1151755e-01   3.5612058e-01  -3.2143930e-01   1.0502241e-01  -1.5364072e-02
   2.7217951e-02  -1.2246384e-01  -1.0578303e-01  -3.8159896e-01  -3.0167696e-01  -5.1313228e-01   2.3005405e-01  -1.1524428e-01
   1.6054028e-01   1.7614986e-01   3.4617539e-01   6.4738278e-01   3.2403464e-01  -6.1849560e-01  -1.4136878e-01  -1.1451513e-02
  -3.1708353e-02  -1.6252523e-01   4.8403508e-01  -1.1736645e-01  -4.6423641e-02   4.6156100e-01   7.6192930e-01   1.5621515e-01
   9.5020119e-02  -2.6894427e-01  -9.6547926e-03   5.6079323e-01  -3.9324925e-01   4.6097145e-01  -3.8270385e-01   9.4000507e-02
   3.2138016e-02   1.3180535e-01  -6.7109413e-01  -3.1845237e-02  -7.2774917e-01   7.8427504e-02   3.3381494e-01  -2.5288230e-01
  -2.1491136e-01  -3.3153814e-01   5.8770739e-02  -1.7305985e-01   7.7275060e-01   3.2760364e-02   4.8237622e-02  -3.7147649e-02
  -5.4580973e-02   7.9683090e-02   1.8971330e-02  -8.7436473e-02  -1.6357803e-01  -1.0458422e-01  -5.8157300e-01   4.5518639e-02
   4.5925998e-02  -2.5065548e-02   1.9915967e-01  -7.2022589e-04  -2.3770419e-01  -3.4246245e-01   1.8376421e-01   1.1710412e-01
  -3.9141304e-02   3.1292932e-01  -7.9604610e-02   6.0233905e-01   8.9021840e-02   5.3466982e-03   2.9339295e-01   3.7671817e-02
  -5.4001684e-02   2.2742535e-01   2.4620004e-01  -1.1186762e-01  -4.0534852e-01   2.4090075e-02  -6.3576072e-04  -8.1204641e-02
   2.6498141e-01   8.3521448e-02   4.0340342e-01   3.3037511e-01   3.3753580e-01  -1.2186282e-01   9.2909439e-01   1.3684808e-01
   9.8117696e-02  -3.4538314e-01  -1.3996417e-01   2.1496299e-01   3.5900403e-02   1.8693253e-01   5.7831256e-01  -3.9421278e-02
  -9.0901130e-02   7.8566816e-02   3.4426209e-01   7.1233583e-01   4.0311247e-01  -4.8743671e-01   3.7826413e-01   7.3640269e-04
   1.7475754e-01   7.2661845e-02   3.2819510e-01  -3.5778906e-01  -8.3787804e-01  -2.3578800e-01   4.9586317e-02   8.8027572e-02
  -1.9783664e-01  -3.6428008e-01  -6.4991005e-01  -3.3869667e-01   6.6921640e-01  -6.6772748e-02   3.0295217e-01  -3.1053286e-02
  -1.5425260e-01  -2.0983714e-01  -4.0573069e-01  -5.6440204e-02   1.0879314e-01  -1.2518201e-01  -3.9852946e-01  -1.3442879e-01
  -1.2884514e-01   6.8070378e-02   2.2609183e-02   2.2504510e-01  -3.4866083e-01  -9.8421459e-02  -2.1959125e-01  -1.2600162e-01
   1.2113933e-01  -8.2254181e-02  -2.8051062e-01   9.5764172e-02  -6.4481916e-01   3.6778305e-02   2.0308206e-01   3.5393884e-02
  -3.2889868e-01   5.8871516e-02  -3.1859767e-01   3.2134131e-01  -2.5284674e-01   4.0569308e-01  -2.1745214e-01  -6.9715189e-02
  -1.5834241e-02  -1.3532000e-01  -1.6007787e-01  -3.2113344e-01  -7.5096748e-02   6.2258016e-02   7.5521673e-02   6.2897386e-02
   1.0773113e-01  -3.2560695e-02   2.6952134e-02  -6.5324315e-01  -2.5918828e-01  -4.3383267e-01   1.7632881e-01  -2.5269212e-02
   1.3301263e-01   1.7013469e-01   3.9611546e-02  -9.3442848e-02  -9.4355590e-02  -5.9205331e-01  -2.6677901e-01   4.3997960e-02
   1.4465256e-02  -1.4388095e-01   3.7484814e-01   3.9920970e-01   1.8243260e-01   1.2565892e-01   2.6996035e-01   1.1218031e-01
  -7.0522148e-04  -1.3882931e-01  -1.2549506e-01   2.9179466e-01  -9.1126735e-02   3.1897419e-02  -5.6075876e-02  -3.2662644e-02
  -4.7681768e-02   2.9821504e-01  -6.3360620e-01  -1.4343360e-01  -8.6292478e-01  -3.0416825e-01  -3.7778011e-01  -1.3058040e-01
   7.5437531e-02  -2.1542691e-01  -1.8221071e-01   5.5278007e-03   3.8180413e-01   1.7657609e-02  -2.6041179e-01   4.2963638e-02
   2.8676017e-02   3.4350500e-03  -7.7820709e-02   1.7198720e-01  -3.0565270e-02   3.7348230e-01   8.6220881e-02   2.7805581e-02
   5.2766436e-02   6.4602643e-02   3.0218304e-01   9.2001764e-02   1.0822764e-01  -1.5301628e-01   4.4787149e-01   7.2493897e-02
  -1.4464399e-02   2.5048633e-01  -7.8960325e-02  -3.6908675e-01  -7.2621101e-01   2.2531457e-01   2.9124658e-01   2.2593625e-02
  -2.0505850e-02   1.1257411e-01   1.5096978e-01  -3.1302801e-01  -2.7524122e-01  -1.1722660e-01   1.0952614e-01  -9.7489378e-02
   1.2886322e-01  -2.5871052e-02   2.8784044e-01   3.7200686e-01   3.1176447e-01  -2.8111780e-01   5.3112922e-01   9.7493145e-02
   2.8280007e-02  -2.6585676e-01  -3.6943541e-01  -1.7972556e-01  -1.7960997e-01   2.6954195e-01   8.5895097e-01  -2.9471175e-03
   9.0889520e-02  -3.6941574e-01   3.6309136e-01   8.0853242e-02  -1.0477984e-01   2.6868018e-03   5.6375787e-01  -5.9064892e-02
   1.5206167e-01   6.7116624e-02  -3.8647693e-03   5.8290059e-01  -1.6468426e-03  -2.8622481e-01   3.8616644e-01   6.0115577e-02
  -2.3230639e-01  -3.5733657e-01   7.7742039e-02  -5.0557640e-01   7.0779155e-01   1.4880176e-01  -4.4181538e-01   5.0812426e-02
   1.9692614e-02  -2.2402680e-01  -5.9040573e-01   1.2821013e-01  -5.7164249e-02   1.8022102e-01  -1.1268379e-02   3.7373093e-03
   2.4184585e-02   2.7514163e-01  -1.1099947e-01   7.3051479e-01   2.1431934e-02  -4.0410155e-01  -2.5777975e-01   7.1953925e-03
   4.7608291e-02  -1.6863241e-02  -2.3512091e-02   3.4988676e-01  -1.8846689e-01  -3.7594938e-01   8.3597816e-02  -1.2031567e-01
  -7.0037664e-02  -2.7970641e-01  -2.3954016e-01   3.7223900e-01   3.5609637e-02  -1.0031446e-01  -3.1733081e-01  -7.8961741e-02
  -6.2708108e-02  -2.1339866e-01  -1.8401921e-01  -6.3093394e-01  -3.0098020e-02  -2.8858952e-01  -1.6115548e-01   3.0364997e-02
  -1.5817182e-01   1.7702759e-01  -1.7055506e-02   1.5608405e-01  -4.4211782e-01  -6.1849559e-02  -3.4234121e-01  -4.8050104e-02
   2.0566420e-01   2.2112280e-01   3.8988143e-01   2.2052638e-01   2.4399683e-01  -6.4191655e-01   3.1956491e-01   9.3909522e-02
   2.6252955e-02  -8.5981190e-02   4.8419804e-01  -2.3985967e-01  -2.6847279e-01   2.9017560e-01   3.8254756e-01  -2.9282024e-02
   2.4227878e-03  -3.2929551e-01   9.2676530e-02  -4.8923722e-01  -3.5490488e-01  -1.1562167e-01  -3.4665053e-01  -1.5423962e-01
  -8.7930920e-02   1.5142341e-01  -6.4904046e-01  -7.7602319e-03  -2.3612918e-01  -2.9606809e-01  -2.4860606e-01  -5.9337825e-02
  -1.2514761e-02  -3.2120069e-01  -2.6734503e-01  -4.3882253e-02   1.0339448e+00  -4.3010911e-01  -2.6010197e-02   4.1838966e-02
   7.1493679e-03   9.0590977e-02  -4.4196553e-01   2.3057164e-01   2.6318077e-01  -1.8369210e-01  -9.9713249e-02  -7.9080599e-02
   4.7097578e-02  -1.4088261e-01   3.4222950e-01  -1.7686194e-01  -1.5480547e-01   3.9175631e-03   5.2033809e-01   1.4502892e-01
  -5.0082608e-04  -1.4520559e-01  -2.1494152e-01  -1.8863952e-01   4.2774240e-02  -8.4177985e-02   3.3766381e-01   1.1748381e-01
  -1.1479409e-01   9.9556568e-02  -1.1357295e-01  -1.1319884e-01  -6.3533041e-01   9.1125022e-03  -6.9253443e-02  -7.2173220e-02
   1.7423128e-01  -2.2120372e-01   5.0931532e-01   2.6997421e-01   6.3204791e-01   1.4062731e-01   7.9755593e-01   6.3257904e-02
  -1.2923958e-01  -2.7983490e-01  -1.4647584e-01   7.9134666e-02  -3.4145372e-01   1.9900523e-01   2.0596482e-01  -1.1891764e-01
   2.3598414e-02   2.5941315e-01   6.3395904e-01  -3.4002708e-03  -5.1236108e-01  -3.6567250e-01   1.3255941e-02  -3.2535742e-02
   1.5769038e-01  -4.3485963e-02   3.6808399e-01   3.7750687e-01  -1.0510386e-01  -1.3646638e-01   3.5401569e-02   9.2136627e-02
  -2.2599745e-01  -5.7815560e-02  -1.1482902e-01  -1.9467840e-01  -2.4022672e-02   4.2631631e-01  -2.2265310e-01  -1.0937278e-01
  -7.6839582e-02  -1.9371653e-01  -6.1683714e-01   4.3990304e-01   3.6425486e-01   2.4293589e-01   3.2235745e-01  -8.8542086e-02
  -4.9485890e-02   3.1674767e-01   4.2675424e-01   5.8958502e-01   5.9099334e-02  -5.8461412e-02  -6.0824714e-01  -2.2620296e-02
   4.7444101e-02   2.2684179e-01  -1.5248380e-01   3.1012171e-02  -3.5184954e-02  -8.7862777e-01   6.2827653e-02  -8.1905768e-03
  -1.8059603e-01  -1.4678190e-01  -3.6294413e-01   1.5855008e-01  -1.5058628e-01   3.2118493e-01  -1.7040388e-01  -4.1165735e-03
  -9.3373075e-02  -1.1267095e-01  -2.0020291e-01   1.0966712e-02  -4.2797255e-01  -1.5933374e-01  -3.6463522e-01  -9.1093184e-02
  -1.6762735e-01   4.5416660e-02  -1.6718537e-01   1.4913537e-01  -2.2036104e-01  -3.0163162e-01   8.9682955e-02   3.0378447e-02
   2.0068240e-01   3.0762328e-01  -1.4575673e-01   5.0577569e-01  -1.0244557e-02  -9.3632716e-02   1.1556252e+00   1.1870915e-01
  -6.8063143e-02   1.5152346e-01   3.9075764e-01   1.0309731e-01  -4.1414588e-01   2.4977280e-01   1.3194241e-01   5.4305548e-02
  -1.1091632e-01  -9.2912862e-02  -4.2731128e-01   5.9936575e-02  -2.9651220e-01  -2.8294548e-01  -3.1786478e-01  -1.7061757e-01
  -2.1212455e-01   1.2506515e-01  -6.3547465e-01   2.7627030e-01  -1.7322675e-01  -1.8869849e-01  -7.8942936e-01  -1.7000151e-01
  -1.0749342e-01  -3.4755218e-01  -4.0118678e-02  -7.7880011e-01  -2.4623101e-01  -1.2386089e-01  -1.8189527e-01  -3.8993096e-03
  -1.2910757e-01  -3.0342636e-01  -3.5057981e-01  -3.6218411e-01   2.3835912e-01  -2.5591542e-02   5.1584153e-02   5.6179504e-02
   8.0933247e-02  -3.8864275e-03   2.8655412e-01   2.8405166e-01  -3.2767947e-01   2.8287571e-02   4.2217484e-01   6.5248750e-02
  -1.8347242e-01  -3.6465363e-01  -4.1513520e-01  -2.0126314e-01   3.8743174e-02   7.2984778e-02   1.3934386e-01   3.4426747e-02
  -5.4944383e-02   3.7027676e-02   9.4507669e-02  -2.9847289e-01  -4.6263673e-01  -2.3905266e-01   3.0870243e-02  -2.6846215e-02
   2.1290625e-01  -4.2296143e-01   7.9924809e-01   2.1352785e-01   2.6110682e-01   4.0785444e-01   7.2022085e-01   8.6315962e-02
  -1.8011764e-01   2.7076794e-02  -3.1523117e-01   1.0387869e+00   3.9602026e-01   5.1456721e-01  -3.3812027e-02  -4.6913806e-02
   1.9609281e-01  -1.6682028e-01   6.9342932e-01   4.3324382e-01  -2.5349024e-02  -1.2395362e-01   1.9380112e-01  -1.1036172e-02
   1.4077440e-01   2.1880408e-02   4.1431209e-01   4.8765471e-01  -2.4796016e-01  -1.9132757e-01   8.1750354e-02   1.6754461e-01
  -1.1438399e-01   5.2999681e-02  -1.6312791e-01  -5.8445779e-01   4.8458245e-01  -1.3542053e-01  -2.5573851e-01  -4.5841510e-02
   2.4007465e-02   1.5348305e-01  -5.9507851e-01   6.0983382e-02  -2.9533648e-01   3.0854093e-01   3.9114113e-01  -7.0227829e-02
  -2.0715357e-02   2.1223683e-01   9.2742160e-02   1.7442473e-01   6.6865305e-02  -6.7877097e-01  -3.2859820e-01   4.1753178e-03
   6.6880328e-02  -3.1667066e-02  -2.8285470e-01   5.9423735e-01  -9.8695970e-02  -3.8761551e-01   1.4131687e-01   1.0692235e-02
  -1.9652096e-01  -2.7194996e-01  -5.6460707e-02  -1.3677229e-01   2.0746644e-01  -1.2069690e-01   2.6253562e-01  -1.3636296e-01
  -7.1994859e-02   8.2532742e-03  -5.6976796e-01   2.2180924e-01   3.1556435e-02  -1.6795260e-01   1.0052292e-01   1.8187219e-03
  -1.0796838e-02   3.7781771e-01   2.0959648e-01   2.6339231e-01  -5.6345099e-01  -8.4987311e-02  -6.9196161e-02   1.2525488e-01
   2.5959274e-01   3.7289952e-02   6.7324284e-02   8.0529745e-02   1.0624002e-01  -5.3540025e-01   9.8781299e-01  -2.5980470e-02
  -7.3229828e-02   1.2545091e-01   4.2849288e-01  -1.0455390e-01  -5.3598363e-01   4.0123262e-01   2.0511764e-01   4.6479520e-02
b1
  -1.8875697e-01  -4.8756708e-01  -6.8684741e-01   1.3455120e+00  -1.3545589e+00  -1.5093380e+00   1.6216278e+00  -1.2961623e-01
w2
   6.3850285e-01
   2.7730921e+00
  -2.9723907e+00
  -1.4227016e+00
   2.0450438e+00
   2.0850448e+00
  -2.6990089e+00
  -1.2818673e+00
b2
   1.7932295e+00
